319953.0	1	683.1920594657817
319953.0	2	681.5998451096933
319953.0	3	1289.4598669437473
319953.0	4	727.8236289030797
319953.0	5	875.4607033601919
319953.0	6	1562.456157790901
319953.0	7	1372.3988525147042
319953.0	8	869.9583413705244
319953.0	9	1006.6936780151368
319953.0	10	780.4855709806495
319953.0	11	1656.7722262680213
319953.0	12	832.3269810118696
319953.0	13	NaN
319953.0	14	1016.0323870297428
319953.0	15	776.6622507216211
319953.0	16	1434.5151700496588
328725.0	1	667.8520144599069
328725.0	2	585.1522381483438
328725.0	3	1008.0178479598059
328725.0	4	521.0982812927814
328725.0	5	798.6408819904071
328725.0	6	1131.8062556728921
328725.0	7	1079.6535159891212
328725.0	8	607.6032460648587
328725.0	9	812.7253408403009
328725.0	10	758.0370235904345
328725.0	11	1285.492494649716
328725.0	12	769.8584331920662
328725.0	13	NaN
328725.0	14	986.1013740769389
328725.0	15	686.1682394785539
328725.0	16	1224.032499809089
337485.0	1	620.0128874199603
337485.0	2	515.0058898529422
337485.0	3	1124.3697411140868
337485.0	4	564.8133902323069
337485.0	5	789.2979481689385
337485.0	6	1194.3024972185506
337485.0	7	1073.8082167612006
337485.0	8	658.7096802920792
337485.0	9	949.4413034726463
337485.0	10	710.9627824177137
337485.0	11	1188.0555148331516
337485.0	12	764.6561164318949
337485.0	13	NaN
337485.0	14	966.8630912342683
337485.0	15	823.1393676335027
337485.0	16	1255.8779157532056
346245.0	1	844.2267634264331
346245.0	2	659.2160941624456
346245.0	3	1127.229002266552
346245.0	4	730.8098945252881
346245.0	5	849.83092983733
346245.0	6	1175.0697734426471
346245.0	7	1176.4495898289815
346245.0	8	872.5827020416963
346245.0	9	1145.6497615120757
346245.0	10	881.6043897592651
346245.0	11	1314.4285474883675
346245.0	12	877.1838639294697
346245.0	13	NaN
346245.0	14	1139.8954084408902
346245.0	15	957.0698561377174
346245.0	16	1537.9426564350117
355017.0	1	612.865414709705
355017.0	2	466.9731740341365
355017.0	3	980.3910533679023
355017.0	4	508.33799427137524
355017.0	5	736.6382559785064
355017.0	6	1202.2553670293698
355017.0	7	1051.0279295268147
355017.0	8	591.0575382256667
355017.0	9	752.2651968980521
355017.0	10	640.4058209381355
355017.0	11	1192.9800374365013
355017.0	12	754.3687932039536
355017.0	13	NaN
355017.0	14	932.1450746999989
355017.0	15	962.4734386579934
355017.0	16	1187.585489779312
363789.0	1	794.1840581204339
363789.0	2	765.9455232800474
363789.0	3	1101.1153999513765
363789.0	4	813.821202499135
363789.0	5	887.9952480321303
363789.0	6	1308.475299029501
363789.0	7	1315.2343020673432
363789.0	8	950.7118863438764
363789.0	9	1177.2338872114788
363789.0	10	869.663067778781
363789.0	11	1413.6840572945596
363789.0	12	887.4959300637621
363789.0	13	NaN
363789.0	14	1159.3377534594676
363789.0	15	986.8393238223675
363789.0	16	1617.068592648745
372549.0	1	649.9906589462755
372549.0	2	598.5786610813105
372549.0	3	927.3564402559346
372549.0	4	619.8827252471265
372549.0	5	602.0192150925166
372549.0	6	1265.4875838159971
372549.0	7	956.5198003406222
372549.0	8	643.0649692461164
372549.0	9	942.992239884388
372549.0	10	667.555180853623
372549.0	11	1179.3462248624026
372549.0	12	683.1691824229721
372549.0	13	NaN
372549.0	14	887.3076078623324
372549.0	15	1080.3001851981437
372549.0	16	1239.0099301275966
381309.0	1	710.717056551753
381309.0	2	684.6754727561496
381309.0	3	997.2281690242678
381309.0	4	675.0029098548607
381309.0	5	757.7220129078596
381309.0	6	1286.7747652898208
381309.0	7	1175.3339145261757
381309.0	8	709.6144129449418
381309.0	9	1009.1682206660851
381309.0	10	767.0057181245926
381309.0	11	1330.1993040276982
381309.0	12	819.76811004203
381309.0	13	NaN
381309.0	14	1153.1261417679505
381309.0	15	1122.0438373837567
381309.0	16	1267.742743433598
390081.0	1	556.0600756854221
390081.0	2	566.3739029805954
390081.0	3	939.4863359758565
390081.0	4	637.4127016420798
390081.0	5	599.6790924007361
390081.0	6	1195.2988839933441
390081.0	7	862.2641516690586
390081.0	8	634.0819467822646
390081.0	9	779.0219308156701
390081.0	10	562.7294756400685
390081.0	11	1048.4943160902292
390081.0	12	577.6335110256543
390081.0	13	NaN
390081.0	14	809.8268591150161
390081.0	15	922.4926209907213
390081.0	16	946.6167238252564
398853.0	1	716.5519383748986
398853.0	2	581.6014643868978
398853.0	3	1123.6576422149565
398853.0	4	616.3692522061579
398853.0	5	900.5793426843898
398853.0	6	1413.6496881207056
398853.0	7	1213.2746215788845
398853.0	8	651.5354916679909
398853.0	9	848.0118662229877
398853.0	10	722.1386843370013
398853.0	11	1464.9255705347914
398853.0	12	897.4803868637384
398853.0	13	NaN
398853.0	14	1006.0414254804624
398853.0	15	1109.8620540267761
398853.0	16	1202.6260204040686
407613.0	1	671.564950573611
407613.0	2	573.7684851029978
407613.0	3	1258.9618203027944
407613.0	4	710.0041433165402
407613.0	5	985.4893539273049
407613.0	6	1442.5784258573196
407613.0	7	1151.8235518508445
407613.0	8	739.3236215476818
407613.0	9	982.2578647624659
407613.0	10	744.3980297563936
407613.0	11	1504.5992471038
407613.0	12	817.4038263253599
407613.0	13	NaN
407613.0	14	1156.0893428342085
407613.0	15	1066.4126169817682
407613.0	16	1246.8013626987674
416373.0	1	630.6954574043431
416373.0	2	516.0243014388385
416373.0	3	1036.9244215855533
416373.0	4	474.04329663445554
416373.0	5	781.7139675407898
416373.0	6	1370.7394343563833
416373.0	7	1125.8886409061056
416373.0	8	549.0172425047219
416373.0	9	944.5823239870264
416373.0	10	705.4493742470416
416373.0	11	1296.1151219694787
416373.0	12	733.9062660019836
416373.0	13	NaN
416373.0	14	991.1340379364467
416373.0	15	932.0513501885714
416373.0	16	1294.6728839722455
425145.0	1	883.8699951681854
425145.0	2	775.7966242006752
425145.0	3	1263.6781046758113
425145.0	4	804.3909103684829
425145.0	5	1000.468417691974
425145.0	6	1436.333837420018
425145.0	7	1313.0160996690706
425145.0	8	944.7319310749319
425145.0	9	1173.1765321008945
425145.0	10	932.0581873704986
425145.0	11	1455.6118602611537
425145.0	12	1046.7585720414838
425145.0	13	NaN
425145.0	14	1073.6931829303458
425145.0	15	1127.780138210966
425145.0	16	1523.219602859844
433917.0	1	692.4385291067838
433917.0	2	622.0739515355299
433917.0	3	1017.9258331827499
433917.0	4	612.5293999698367
433917.0	5	862.1410010039408
433917.0	6	1351.729765693068
433917.0	7	1087.8801187326394
433917.0	8	691.8547879362566
433917.0	9	869.1176609503023
433917.0	10	708.1947142834939
433917.0	11	1328.4079001305483
433917.0	12	809.743775648458
433917.0	13	NaN
433917.0	14	916.752912925237
433917.0	15	1148.6959304138445
433917.0	16	1196.1279122908813
442677.0	1	531.9267568548772
442677.0	2	514.0016370934812
442677.0	3	985.1742038916713
442677.0	4	503.2674891891459
442677.0	5	726.8103909071958
442677.0	6	1455.5341428871284
442677.0	7	1102.9810582176792
442677.0	8	638.1544473732705
442677.0	9	879.2299910279885
442677.0	10	563.0418567570152
442677.0	11	1421.4661290333497
442677.0	12	665.2229010488471
442677.0	13	NaN
442677.0	14	898.7952919302066
442677.0	15	1099.882217942623
442677.0	16	1076.799214160408
451437.0	1	587.8400914559373
451437.0	2	602.4973347418346
451437.0	3	971.4393414212869
451437.0	4	562.1215275149028
451437.0	5	723.6179171598473
451437.0	6	1153.5617929594139
451437.0	7	1061.4268181361456
451437.0	8	594.9116898434887
451437.0	9	866.3211811015466
451437.0	10	588.0387244697463
451437.0	11	1322.2585002433912
451437.0	12	651.8951898509694
451437.0	13	NaN
451437.0	14	1040.7341877698634
451437.0	15	981.2209568353743
451437.0	16	1177.5490122087972
460209.0	1	786.697836969265
460209.0	2	825.3545815029296
460209.0	3	1319.6034883950247
460209.0	4	913.262908224312
460209.0	5	1106.641840788348
460209.0	6	1450.4902417783187
460209.0	7	1410.0916629433355
460209.0	8	1054.3402907088985
460209.0	9	1314.8284504048936
460209.0	10	946.9919080236119
460209.0	11	1604.6741817232335
460209.0	12	937.8518132846175
460209.0	13	NaN
460209.0	14	1263.4731371218074
460209.0	15	1268.164230975625
460209.0	16	1750.012074789051
468981.0	1	653.903764062554
468981.0	2	674.8483838699094
468981.0	3	1065.474144415923
468981.0	4	732.7543544931997
468981.0	5	813.2506396404793
468981.0	6	1213.9368159326189
468981.0	7	974.6389343535492
468981.0	8	780.7045630388222
468981.0	9	935.2024826456125
468981.0	10	692.3608023325286
468981.0	11	1180.0533590441019
468981.0	12	688.0387199079537
468981.0	13	NaN
468981.0	14	888.4449325061474
468981.0	15	907.039313620474
468981.0	16	1144.858225250711
477741.0	1	466.59540493316695
477741.0	2	505.30049470221456
477741.0	3	985.9310179910094
477741.0	4	480.3382106816564
477741.0	5	831.0492034220339
477741.0	6	1554.788294722263
477741.0	7	1039.5495702623123
477741.0	8	526.8276103145475
477741.0	9	677.3654712358916
477741.0	10	506.05715474797614
477741.0	11	1380.658327160646
477741.0	12	614.4528791246912
477741.0	13	NaN
477741.0	14	890.8747088802503
477741.0	15	917.5642711299442
477741.0	16	995.7816033075727
486501.0	1	549.779138405701
486501.0	2	569.331607613063
486501.0	3	807.8734481203372
486501.0	4	612.3086638446854
486501.0	5	794.5299737548256
486501.0	6	1053.455952665432
486501.0	7	820.3205025532163
486501.0	8	634.1466609686386
486501.0	9	754.3463671747747
486501.0	10	581.9101589430597
486501.0	11	962.1512778330513
486501.0	12	621.5605519209861
486501.0	13	NaN
486501.0	14	804.9165652361828
486501.0	15	803.2831434806478
486501.0	16	933.830300953478
495273.0	1	637.0222320000835
495273.0	2	559.3605923594853
495273.0	3	1071.010434118856
495273.0	4	595.8091490183613
495273.0	5	925.3371688664558
495273.0	6	1163.4856910680387
495273.0	7	1006.9689643695461
495273.0	8	710.5958480819497
495273.0	9	925.2484204953982
495273.0	10	701.3389518819188
495273.0	11	1203.6200496582196
495273.0	12	811.1834288054629
495273.0	13	NaN
495273.0	14	1174.821859302453
495273.0	15	799.7488746427957
495273.0	16	1192.8036338655097
504045.0	1	664.3016075089469
504045.0	2	603.6737725546237
504045.0	3	964.2529039473642
504045.0	4	601.574339976477
504045.0	5	746.1577564958629
504045.0	6	1271.723107291124
504045.0	7	942.4594925460023
504045.0	8	684.9474721081428
504045.0	9	849.3816714752259
504045.0	10	670.5002137683937
504045.0	11	1203.6347578372388
504045.0	12	740.656902356508
504045.0	13	NaN
504045.0	14	1123.715129471456
504045.0	15	844.04617709414
504045.0	16	1172.790304354188
512805.0	1	540.2970076089296
512805.0	2	492.92776672358707
512805.0	3	982.0438995201824
512805.0	4	473.1468037751545
512805.0	5	681.699175715254
512805.0	6	1231.2465511148869
512805.0	7	958.6565941983858
512805.0	8	521.9717053539042
512805.0	9	793.0992070061237
512805.0	10	636.9382732640527
512805.0	11	1369.487276503726
512805.0	12	638.5415037637484
512805.0	13	NaN
512805.0	14	1224.8428887159905
512805.0	15	884.1852399100701
512805.0	16	1087.3192735200053
521565.0	1	627.7170749530468
521565.0	2	637.6554192417509
521565.0	3	1071.5581977464208
521565.0	4	714.0353102630914
521565.0	5	807.6229720448831
521565.0	6	1491.7633844003615
521565.0	7	1147.0370442185415
521565.0	8	797.1296735510938
521565.0	9	989.8610346267847
521565.0	10	721.2422571806588
521565.0	11	1450.2725831959683
521565.0	12	758.715199579419
521565.0	13	NaN
521565.0	14	1167.836447223456
521565.0	15	898.843871905375
521565.0	16	1394.2984911279564
530337.0	1	798.4267753020583
530337.0	2	769.7640307040233
530337.0	3	1092.9978964627628
530337.0	4	801.1003628509923
530337.0	5	981.6133245984543
530337.0	6	1277.084040785591
530337.0	7	1231.1154823395939
530337.0	8	909.0931898805729
530337.0	9	1183.057674203464
530337.0	10	868.3968758184233
530337.0	11	1363.0875426686378
530337.0	12	926.2580753602911
530337.0	13	NaN
530337.0	14	1387.417806664667
530337.0	15	1041.1151678413032
530337.0	16	1519.515373042938
539109.0	1	593.0072577703093
539109.0	2	517.3313682950012
539109.0	3	1187.8969863284547
539109.0	4	533.5842907602598
539109.0	5	833.6150503886888
539109.0	6	1620.221893159257
539109.0	7	1254.4700476467904
539109.0	8	637.3340864493088
539109.0	9	883.4508098484397
539109.0	10	671.7483867620739
539109.0	11	1626.3547471304983
539109.0	12	738.5940557023323
539109.0	13	NaN
539109.0	14	1657.607252600647
539109.0	15	1089.5173299949497
539109.0	16	1289.7783453515694
547869.0	1	641.7148241427549
547869.0	2	598.2017423887349
547869.0	3	1228.624448123076
547869.0	4	685.1957604746656
547869.0	5	814.9994400462799
547869.0	6	1556.0004174012038
547869.0	7	1270.3033580147312
547869.0	8	737.1264807939441
547869.0	9	1021.5439290577386
547869.0	10	741.6038591062154
547869.0	11	1653.7183202666379
547869.0	12	788.5052090560722
547869.0	13	NaN
547869.0	14	1367.555983724601
547869.0	15	1109.6858445873477
547869.0	16	1342.8023586528998
556629.0	1	553.044928402846
556629.0	2	491.7850769462113
556629.0	3	1075.3768780853213
556629.0	4	534.8918527206982
556629.0	5	866.8332314668648
556629.0	6	1868.3009450891386
556629.0	7	1266.6306565760235
556629.0	8	649.3423321208359
556629.0	9	955.4958063876818
556629.0	10	653.8081975785184
556629.0	11	1655.4998727902826
556629.0	12	810.740313709603
556629.0	13	NaN
556629.0	14	1169.2171627511852
556629.0	15	1036.736989637426
556629.0	16	1283.1644267125002
565401.0	1	500.03723727617864
565401.0	2	415.9481269745931
565401.0	3	1106.248158029838
565401.0	4	441.86091269247936
565401.0	5	800.8599033570955
565401.0	6	1505.595049130558
565401.0	7	1014.2061834723628
565401.0	8	539.5280703597622
565401.0	9	698.7809738990815
565401.0	10	547.8524055066214
565401.0	11	1379.1289140667793
565401.0	12	662.6258553248116
565401.0	13	NaN
565401.0	14	1090.9851864297113
565401.0	15	885.752795190851
565401.0	16	1017.144398007745
574173.0	1	672.3913280373578
574173.0	2	701.6468020721544
574173.0	3	998.0401223781979
574173.0	4	749.5704434614072
574173.0	5	815.5066298987078
574173.0	6	1217.883011079316
574173.0	7	945.0503935786879
574173.0	8	860.9432390540976
574173.0	9	1043.6396799128752
574173.0	10	705.6688584065179
574173.0	11	1228.2588218754238
574173.0	12	725.292304514974
574173.0	13	NaN
574173.0	14	995.5838319115843
574173.0	15	1019.8961302338234
574173.0	16	1209.6957964826977
582933.0	1	777.36543778674
582933.0	2	694.090018544508
582933.0	3	1183.6655710766252
582933.0	4	774.9439412215204
582933.0	5	939.8199187128772
582933.0	6	1594.5990231166609
582933.0	7	1361.385004274953
582933.0	8	865.956121257832
582933.0	9	1127.2582858487478
582933.0	10	805.8122570062437
582933.0	11	1703.6235878728817
582933.0	12	968.7237374492927
582933.0	13	NaN
582933.0	14	1382.9827283790823
582933.0	15	1118.581101586155
582933.0	16	1432.323183825575
591693.0	1	692.4215338319071
591693.0	2	631.7532821820686
591693.0	3	1084.0541026450314
591693.0	4	658.8174431209314
591693.0	5	752.9884533253604
591693.0	6	1435.0950826770945
591693.0	7	1044.613115213109
591693.0	8	717.589883576197
591693.0	9	976.4463053917394
591693.0	10	724.0835501018715
591693.0	11	1439.02624329943
591693.0	12	787.3987250366657
591693.0	13	NaN
591693.0	14	1150.341291513058
591693.0	15	1089.6504320759861
591693.0	16	1251.8157164097304
600465.0	1	647.9038410016041
600465.0	2	544.6305535887353
600465.0	3	1279.4371335123506
600465.0	4	592.8711429449473
600465.0	5	851.2767052622912
600465.0	6	1858.6269072112461
600465.0	7	1173.5772566886865
600465.0	8	767.7552180276028
600465.0	9	1056.9541642162117
600465.0	10	718.1861342277098
600465.0	11	1775.4072445070617
600465.0	12	819.200270184807
600465.0	13	NaN
600465.0	14	1157.0901595532519
600465.0	15	1015.243230916929
600465.0	16	1323.7877079409438
609237.0	1	722.7774755753044
609237.0	2	656.2415365108579
609237.0	3	1048.5828039135743
609237.0	4	647.8451583854951
609237.0	5	810.8464277288932
609237.0	6	1566.794346066376
609237.0	7	1199.4001704712373
609237.0	8	748.241011700085
609237.0	9	962.45544457061
609237.0	10	782.39354126517
609237.0	11	1408.658740276012
609237.0	12	863.6646180093261
609237.0	13	NaN
609237.0	14	1125.5774762509309
609237.0	15	1013.9993589937499
609237.0	16	1395.8439664105122
617997.0	1	528.0242488181126
617997.0	2	481.9572928632852
617997.0	3	887.8690970315105
617997.0	4	496.9530675224032
617997.0	5	715.8724049800549
617997.0	6	1171.141929917355
617997.0	7	989.0717892992701
617997.0	8	570.078364052036
617997.0	9	710.8752448072333
617997.0	10	564.8472734640528
617997.0	11	1192.6975556938476
617997.0	12	748.6812646073189
617997.0	13	NaN
617997.0	14	932.8230208288886
617997.0	15	960.6953589794904
617997.0	16	1157.7184068103086
626757.0	1	653.5470181589972
626757.0	2	566.6759561816666
626757.0	3	1052.0935616510696
626757.0	4	601.2041393136611
626757.0	5	812.7855380396351
626757.0	6	1279.5789557451426
626757.0	7	1029.5814747961324
626757.0	8	674.193554591944
626757.0	9	960.3538319091869
626757.0	10	740.6166041654194
626757.0	11	1437.464863517075
626757.0	12	800.2705705059734
626757.0	13	NaN
626757.0	14	1144.4387703075192
626757.0	15	985.0295949858544
626757.0	16	1226.689492648178
635529.0	1	970.2724963366136
635529.0	2	836.9123882712869
635529.0	3	1626.0566591035529
635529.0	4	841.1378241890761
635529.0	5	1294.8598206431784
635529.0	6	1727.8418033908195
635529.0	7	1588.6949129367724
635529.0	8	991.4107249176992
635529.0	9	1341.5231215805275
635529.0	10	1135.6272647865408
635529.0	11	1984.6512825287625
635529.0	12	1234.6069167772487
635529.0	13	NaN
635529.0	14	1731.4175898961278
635529.0	15	1423.8227538411634
635529.0	16	1986.6900128795276
644301.0	1	576.3569544968449
644301.0	2	549.8211765407276
644301.0	3	1122.2544691279354
644301.0	4	601.0792495993015
644301.0	5	697.6517378033828
644301.0	6	1576.7019011707123
644301.0	7	1046.400987151534
644301.0	8	665.9545162124052
644301.0	9	904.7076279652207
644301.0	10	644.4185966003523
644301.0	11	1491.2999870296942
644301.0	12	666.1237347618089
644301.0	13	NaN
644301.0	14	936.465666202227
644301.0	15	950.8839184544082
644301.0	16	1188.9969778446086
653061.0	1	537.130649444609
653061.0	2	477.4977017284135
653061.0	3	1101.7258239411165
653061.0	4	551.690937613047
653061.0	5	786.254547161077
653061.0	6	1681.111687649551
653061.0	7	1198.5775011359983
653061.0	8	648.53714447888
653061.0	9	977.6271242967076
653061.0	10	666.8058938331033
653061.0	11	1565.0577106326925
653061.0	12	718.4773005334346
653061.0	13	NaN
653061.0	14	1097.5240515726164
653061.0	15	1006.4911505934249
653061.0	16	1369.6234013929193
661821.0	1	817.0210913523034
661821.0	2	714.3230876708965
661821.0	3	1159.1149812764859
661821.0	4	715.0756383419659
661821.0	5	874.6797857608738
661821.0	6	1356.6179151883537
661821.0	7	1081.2116635914604
661821.0	8	835.3447356599754
661821.0	9	1162.011052205374
661821.0	10	917.1705768596726
661821.0	11	1403.9545284517806
661821.0	12	867.3501563489629
661821.0	13	NaN
661821.0	14	1136.3287993011213
661821.0	15	1037.6635374202203
661821.0	16	1436.0138587773724
670593.0	1	825.2450044901072
670593.0	2	712.5132743604637
670593.0	3	1316.8872687638902
670593.0	4	682.0598525416765
670593.0	5	988.7207356055236
670593.0	6	1412.086366853873
670593.0	7	1143.7168348602368
670593.0	8	833.2436557575451
670593.0	9	1166.0963327292347
670593.0	10	889.3610636229315
670593.0	11	1510.3709681332696
670593.0	12	943.4717363330448
670593.0	13	NaN
670593.0	14	1170.8898219858545
670593.0	15	1182.885527080182
670593.0	16	1471.4730074993456
679365.0	1	769.6737138125395
679365.0	2	714.3727316614568
679365.0	3	1458.9289928629591
679365.0	4	766.6077140791663
679365.0	5	1120.2692668800776
679365.0	6	1795.4462899422483
679365.0	7	1519.455062034392
679365.0	8	910.0865245691111
679365.0	9	1201.2968505682388
679365.0	10	875.475269646746
679365.0	11	2004.897118984917
679365.0	12	1040.2622483910552
679365.0	13	NaN
679365.0	14	1667.9694243593037
679365.0	15	1313.9885988181127
679365.0	16	1717.8932200415088
688125.0	1	755.3329473595915
688125.0	2	678.6022699016975
688125.0	3	1028.5067477480225
688125.0	4	758.7583945985555
688125.0	5	925.3130620040374
688125.0	6	1404.5048311424637
688125.0	7	1051.0196000524704
688125.0	8	765.6986020592851
688125.0	9	1051.4215554312061
688125.0	10	885.8740963114242
688125.0	11	1245.2451098145677
688125.0	12	879.9752365086018
688125.0	13	NaN
688125.0	14	1045.684978792234
688125.0	15	1018.0018071936323
688125.0	16	1336.3253142546364
696885.0	1	740.4109316989494
696885.0	2	746.9339986492258
696885.0	3	1033.2894626079851
696885.0	4	812.5838331532487
696885.0	5	784.7068774057118
696885.0	6	1244.7517052079115
696885.0	7	1010.4583979710002
696885.0	8	861.9943796798052
696885.0	9	1075.3252253800342
696885.0	10	823.453882343002
696885.0	11	1277.6130942402451
696885.0	12	773.3262675735451
696885.0	13	NaN
696885.0	14	1211.0518489490578
696885.0	15	1032.5380706928443
696885.0	16	1324.1329334514098
705657.0	1	885.0244264163421
705657.0	2	716.2535967347671
705657.0	3	968.329275323701
705657.0	4	754.7360659203162
705657.0	5	897.2470467185494
705657.0	6	1338.607270444473
705657.0	7	1088.3452302396502
705657.0	8	842.7767097131117
705657.0	9	1006.1121564773216
705657.0	10	868.9299695747719
705657.0	11	1183.4271558243001
705657.0	12	967.0194084433047
705657.0	13	NaN
705657.0	14	1043.9080155850338
705657.0	15	948.371637792402
705657.0	16	1341.8873573471537
714429.0	1	732.1909701568856
714429.0	2	659.4767393117847
714429.0	3	1102.1944888330765
714429.0	4	657.5180834163206
714429.0	5	1016.1158595503482
714429.0	6	1306.8195279083175
714429.0	7	1205.6792962239872
714429.0	8	760.6640261893647
714429.0	9	1000.491619650433
714429.0	10	730.4689155589425
714429.0	11	1418.6571167129744
714429.0	12	937.1275523287154
714429.0	13	NaN
714429.0	14	1275.6893344653718
714429.0	15	1048.204273434651
714429.0	16	1293.4533955753363
723189.0	1	912.0178486401519
723189.0	2	762.5011681126882
723189.0	3	1287.100442438617
723189.0	4	684.8135698375139
723189.0	5	963.7235487002964
723189.0	6	1607.1107301971174
723189.0	7	1336.2999323263496
723189.0	8	849.618901457804
723189.0	9	1260.1591509123216
723189.0	10	1001.6053932764044
723189.0	11	1665.0935766448738
723189.0	12	1037.1876336623461
723189.0	13	NaN
723189.0	14	1368.4279520289354
723189.0	15	1227.0147085777778
723189.0	16	1698.8842692313142
731949.0	1	829.92323874649
731949.0	2	678.9583414808461
731949.0	3	1189.5533738220759
731949.0	4	604.0262429791667
731949.0	5	854.3082831621817
731949.0	6	1554.2472743807284
731949.0	7	1199.8991332956894
731949.0	8	726.0410407222562
731949.0	9	1003.1243378929535
731949.0	10	797.26461829381
731949.0	11	1623.3480776338888
731949.0	12	910.2485774113557
731949.0	13	NaN
731949.0	14	1189.0252653628627
731949.0	15	1137.5603965126475
731949.0	16	1402.7637349212575
740721.0	1	531.7021068111645
740721.0	2	482.2250138685118
740721.0	3	1136.3880316691382
740721.0	4	490.2578904134223
740721.0	5	739.7604670010777
740721.0	6	1618.4164093530621
740721.0	7	1052.8185570694495
740721.0	8	595.3552492742929
740721.0	9	865.3543570875647
740721.0	10	645.1580743378356
740721.0	11	1636.6156301695946
740721.0	12	685.8527037087367
740721.0	13	NaN
740721.0	14	1109.3445412093147
740721.0	15	1086.4478228243138
740721.0	16	1301.858571487458
749493.0	1	706.8369343634711
749493.0	2	673.6725422387103
749493.0	3	1006.8249142153081
749493.0	4	657.0982815213937
749493.0	5	728.5148957719128
749493.0	6	1474.0931142818229
749493.0	7	1035.6764980160613
749493.0	8	733.9390026186171
749493.0	9	983.7080617769136
749493.0	10	758.5040197505623
749493.0	11	1360.7337899668635
749493.0	12	762.9285953666001
749493.0	13	NaN
749493.0	14	1079.281137250708
749493.0	15	895.3349358081063
749493.0	16	1325.6175789580375
758253.0	1	780.8557367247957
758253.0	2	638.7721409752775
758253.0	3	1069.4408535091945
758253.0	4	656.7533233288123
758253.0	5	1000.6433472360799
758253.0	6	1352.3594614436026
758253.0	7	1270.8494545359597
758253.0	8	812.6469278285045
758253.0	9	1078.998353887575
758253.0	10	871.967326542707
758253.0	11	1376.3747132582948
758253.0	12	931.1700312276847
758253.0	13	NaN
758253.0	14	1350.3769528165826
758253.0	15	1133.2085178275809
758253.0	16	1544.6357040920172
767013.0	1	468.6527661997862
767013.0	2	466.95587085383664
767013.0	3	836.1578323154273
767013.0	4	500.4619092810996
767013.0	5	680.0341015827378
767013.0	6	1306.0963259174234
767013.0	7	792.4188575006024
767013.0	8	579.4122906082199
767013.0	9	697.9525129520764
767013.0	10	540.6331352720541
767013.0	11	1143.897985563185
767013.0	12	582.718593144174
767013.0	13	NaN
767013.0	14	760.295276070792
767013.0	15	788.1194032614034
767013.0	16	963.9525428860134
775785.0	1	634.6100917802646
775785.0	2	605.5252174328502
775785.0	3	1067.5359083270775
775785.0	4	683.9436794733009
775785.0	5	795.0071551851212
775785.0	6	1386.9887288449738
775785.0	7	992.1121706120165
775785.0	8	738.895285599241
775785.0	9	971.6255466722301
775785.0	10	707.3187056670054
775785.0	11	1327.9642085940925
775785.0	12	772.9191286861171
775785.0	13	NaN
775785.0	14	1134.0125165522265
775785.0	15	1033.3775960429034
775785.0	16	1253.442066537342
784557.0	1	700.5346906147452
784557.0	2	652.7669699279975
784557.0	3	930.2884776268313
784557.0	4	622.6332875975762
784557.0	5	721.1873316356692
784557.0	6	1298.0350493902054
784557.0	7	980.9690510034837
784557.0	8	665.9850100690309
784557.0	9	829.9891657218086
784557.0	10	709.2994251252655
784557.0	11	1238.5612037573762
784557.0	12	744.625943827753
784557.0	13	NaN
784557.0	14	1035.365269844522
784557.0	15	1041.4557906410885
784557.0	16	1108.722816921515
793317.0	1	550.4105368159203
793317.0	2	560.377115867731
793317.0	3	1125.1919817031974
793317.0	4	562.940173471266
793317.0	5	822.507856824415
793317.0	6	1614.7935419853713
793317.0	7	1110.0641627588914
793317.0	8	630.6432453626365
793317.0	9	856.9469171042057
793317.0	10	597.1334153434987
793317.0	11	1532.4324327194242
793317.0	12	742.3313829630562
793317.0	13	NaN
793317.0	14	1199.9652658506072
793317.0	15	1027.0695846313915
793317.0	16	1179.3365679141
802077.0	1	751.4826150091696
802077.0	2	659.9110704814772
802077.0	3	1110.9069326412186
802077.0	4	699.8754256427956
802077.0	5	857.8440916160981
802077.0	6	1491.312717372565
802077.0	7	1246.9190143916842
802077.0	8	847.4700993294293
802077.0	9	1135.3297987723838
802077.0	10	823.9831657976556
802077.0	11	1456.2766981545908
802077.0	12	845.0799398819627
802077.0	13	NaN
802077.0	14	1203.2645086106595
802077.0	15	1016.8322571683808
802077.0	16	1520.2094706495727
810849.0	1	627.4839390485229
810849.0	2	669.5031592376802
810849.0	3	1024.1315044959586
810849.0	4	595.8308349182732
810849.0	5	834.678980982554
810849.0	6	1465.6582937721553
810849.0	7	1161.2769722632825
810849.0	8	653.5071199628458
810849.0	9	760.8443708092725
810849.0	10	627.8081135280449
810849.0	11	1381.7090930639094
810849.0	12	817.3630119474469
810849.0	13	NaN
810849.0	14	1084.189589445363
810849.0	15	1039.4289165301489
810849.0	16	1096.05980312541
819621.0	1	520.2889628410027
819621.0	2	516.3517824810108
819621.0	3	952.5148841622605
819621.0	4	499.3185509740632
819621.0	5	655.6349124093168
819621.0	6	1629.8325035505482
819621.0	7	1033.4734466392476
819621.0	8	601.0731583011421
819621.0	9	807.1905427391603
819621.0	10	579.0114041548974
819621.0	11	1341.7513754974432
819621.0	12	683.8024240653458
819621.0	13	NaN
819621.0	14	963.0441838753123
819621.0	15	923.374207054054
819621.0	16	1113.7188038528213
828381.0	1	631.8658297074976
828381.0	2	647.701095586688
828381.0	3	1207.1675120264017
828381.0	4	716.3905997256219
828381.0	5	842.2607753755701
828381.0	6	1514.4961178188619
828381.0	7	1199.2149499606383
828381.0	8	864.3647995875846
828381.0	9	1105.7510433182233
828381.0	10	736.2885547495496
828381.0	11	1492.8212924558275
828381.0	12	861.0463803177255
828381.0	13	NaN
828381.0	14	1227.8492152636543
828381.0	15	1068.0858812086472
828381.0	16	1415.4106624592903
837141.0	1	618.3331999817113
837141.0	2	566.829883427664
837141.0	3	1081.9652933103735
837141.0	4	545.3980151052394
837141.0	5	901.709642012436
837141.0	6	1347.7821926670172
837141.0	7	1029.0097598544328
837141.0	8	663.3813741750762
837141.0	9	933.007349227216
837141.0	10	654.8585134556836
837141.0	11	1180.706363985818
837141.0	12	855.783463043937
837141.0	13	NaN
837141.0	14	1032.5432491251786
837141.0	15	981.1840552674477
837141.0	16	1166.2819786077189
845913.0	1	649.2571628491396
845913.0	2	618.1475765363127
845913.0	3	1015.5622946951291
845913.0	4	623.3845288998907
845913.0	5	822.0780345159706
845913.0	6	1528.047389620396
845913.0	7	1103.7406487882797
845913.0	8	701.7274442419874
845913.0	9	798.4600401717933
845913.0	10	614.9960952312332
845913.0	11	1352.0738741485943
845913.0	12	759.936004785163
845913.0	13	NaN
845913.0	14	1168.7739213017085
845913.0	15	1055.3772431889122
845913.0	16	1180.511028130421
854685.0	1	650.2078789518491
854685.0	2	570.6162768756692
854685.0	3	1116.3727917856434
854685.0	4	599.9707722460897
854685.0	5	784.2120596778273
854685.0	6	1326.5868126415407
854685.0	7	1209.0510350235506
854685.0	8	702.0678211032659
854685.0	9	1035.601850716543
854685.0	10	712.9650243611171
854685.0	11	1480.0303682646336
854685.0	12	795.0581104972184
854685.0	13	NaN
854685.0	14	1268.1109306552578
854685.0	15	1163.021225215671
854685.0	16	1379.5246892433724
863445.0	1	554.5105866086644
863445.0	2	504.3823852333381
863445.0	3	1104.6351190172466
863445.0	4	459.21642634515
863445.0	5	746.7390097139665
863445.0	6	1799.1755630136386
863445.0	7	1112.615749326297
863445.0	8	576.135372069578
863445.0	9	806.4803078043857
863445.0	10	592.6514159955244
863445.0	11	1506.7771096224888
863445.0	12	739.4824358731679
863445.0	13	NaN
863445.0	14	1055.8438383610628
863445.0	15	1031.903995997292
863445.0	16	1241.3952580529474
872205.0	1	612.1858704610846
872205.0	2	571.8029322887046
872205.0	3	1131.533725934524
872205.0	4	572.8920091618032
872205.0	5	821.6579068735389
872205.0	6	1496.5337560392209
872205.0	7	1115.9666387205052
872205.0	8	647.4002569615282
872205.0	9	883.4983303366513
872205.0	10	688.2639500362001
872205.0	11	1497.8553490569313
872205.0	12	773.7714954208986
872205.0	13	NaN
872205.0	14	1233.963882768269
872205.0	15	1092.9085177823815
872205.0	16	1233.7231197006618
880965.0	1	754.6783363899225
880965.0	2	610.3829440546878
880965.0	3	1296.7898426088748
880965.0	4	577.7716911128923
880965.0	5	1062.5544804824833
880965.0	6	1649.9328315540968
880965.0	7	1243.805572913057
880965.0	8	727.0059552741975
880965.0	9	1021.389290591004
880965.0	10	809.2730117865606
880965.0	11	1630.9349572913934
880965.0	12	906.1160971492928
880965.0	13	NaN
880965.0	14	1324.5286604353441
880965.0	15	1211.2709548329892
880965.0	16	1395.7507502195567
889725.0	1	612.2733947090152
889725.0	2	488.2302311817208
889725.0	3	989.2256380831847
889725.0	4	506.8925195278061
889725.0	5	769.1657682661362
889725.0	6	1327.994737131673
889725.0	7	953.1771807490669
889725.0	8	597.7421923986584
889725.0	9	832.9928059943783
889725.0	10	642.7882773794195
889725.0	11	1319.399871237735
889725.0	12	718.3390428265939
889725.0	13	NaN
889725.0	14	1177.0664278020308
889725.0	15	1059.4257975435312
889725.0	16	1190.8414774757357
898485.0	1	586.6437330142192
898485.0	2	509.1774128029884
898485.0	3	937.6729368316896
898485.0	4	518.5684262228467
898485.0	5	673.4917558399446
898485.0	6	1275.594692143628
898485.0	7	910.8702008215173
898485.0	8	596.2465275876934
898485.0	9	823.3322014730776
898485.0	10	657.7302309854915
898485.0	11	1220.086146376154
898485.0	12	647.8913148140302
898485.0	13	NaN
898485.0	14	1121.7440034207314
898485.0	15	998.1781474890007
898485.0	16	1072.7969004116703
907245.0	1	824.0578744507163
907245.0	2	794.6966093738204
907245.0	3	1439.187400480578
907245.0	4	935.3619834541182
907245.0	5	1044.2921467829356
907245.0	6	1874.1574861015501
907245.0	7	1489.6549241244197
907245.0	8	996.0952961845103
907245.0	9	1238.1764697276315
907245.0	10	933.5983053466496
907245.0	11	1908.473475524936
907245.0	12	1010.6947301094084
907245.0	13	NaN
907245.0	14	1464.7363673859584
907245.0	15	1297.569620629448
907245.0	16	1762.3594177876241
916017.0	1	571.2806133072494
916017.0	2	508.40369758227126
916017.0	3	968.0651570271316
916017.0	4	533.943098320797
916017.0	5	673.7325123245394
916017.0	6	1479.8370446944239
916017.0	7	1004.154865345911
916017.0	8	670.488713572683
916017.0	9	937.0122343197977
916017.0	10	611.6374724581142
916017.0	11	1428.328095233681
916017.0	12	697.407847510697
916017.0	13	NaN
916017.0	14	1000.732509003586
916017.0	15	1039.139611587568
916017.0	16	1177.7507551093797
924789.0	1	540.6266320325328
924789.0	2	540.8151364497315
924789.0	3	994.820692811149
924789.0	4	569.5442808900464
924789.0	5	684.1585621055406
924789.0	6	1510.9772120055154
924789.0	7	954.0630079276683
924789.0	8	644.1963331076727
924789.0	9	781.4504847784299
924789.0	10	608.889961550316
924789.0	11	1337.7527008951965
924789.0	12	655.6242972953777
924789.0	13	NaN
924789.0	14	963.3734252459507
924789.0	15	959.040175137716
924789.0	16	1112.8041457311258
933549.0	1	676.484968702113
933549.0	2	640.2613323284356
933549.0	3	1154.7908766179698
933549.0	4	623.24946865651
933549.0	5	864.5518076757925
933549.0	6	1620.1960534507925
933549.0	7	1175.8410538211442
933549.0	8	741.1263791436993
933549.0	9	919.4035146824692
933549.0	10	701.1987408456465
933549.0	11	1491.768230035288
933549.0	12	791.8511855924291
933549.0	13	NaN
933549.0	14	1145.0141244417778
933549.0	15	1062.5697013725749
933549.0	16	1323.1305971597005
942309.0	1	689.2005758447484
942309.0	2	596.2446164621307
942309.0	3	1113.897662373174
942309.0	4	583.259960465048
942309.0	5	839.7036021280524
942309.0	6	1401.4775038170076
942309.0	7	1182.2593963319512
942309.0	8	700.5297964764236
942309.0	9	942.4729830203624
942309.0	10	769.6674563377138
942309.0	11	1564.8269693977857
942309.0	12	815.0408364039548
942309.0	13	NaN
942309.0	14	1116.1788831263316
942309.0	15	1097.3078323494979
942309.0	16	1293.8398683050348
951081.0	1	582.4323908779508
951081.0	2	539.9939336394415
951081.0	3	1003.7000301275859
951081.0	4	599.5477478767825
951081.0	5	729.130045458456
951081.0	6	1462.220482017557
951081.0	7	1125.1665464539824
951081.0	8	652.4410916669738
951081.0	9	772.5827875215015
951081.0	10	694.6160011869341
951081.0	11	1452.9679262228376
951081.0	12	713.9076659226359
951081.0	13	NaN
951081.0	14	1097.6260152468355
951081.0	15	1071.3903616865373
951081.0	16	1268.158312304385
959853.0	1	715.1122456146502
959853.0	2	682.5112342028926
959853.0	3	1074.8826666560535
959853.0	4	661.2095154713969
959853.0	5	878.1288991541443
959853.0	6	1350.5468208511415
959853.0	7	1206.4416582520143
959853.0	8	810.8921046331964
959853.0	9	927.9758815285757
959853.0	10	735.5461490715292
959853.0	11	1443.7530093345276
959853.0	12	862.6460417822398
959853.0	13	NaN
959853.0	14	1200.8925163097606
959853.0	15	1014.3432099060124
959853.0	16	1271.0107418365108
968613.0	1	727.4472023936119
968613.0	2	683.0203674233268
968613.0	3	1161.2447216351595
968613.0	4	667.6499512743275
968613.0	5	838.1440261823795
968613.0	6	1525.3353897042277
968613.0	7	1200.3815499131265
968613.0	8	832.6870842621572
968613.0	9	1157.1993977163838
968613.0	10	854.291874534943
968613.0	11	1498.553781904291
968613.0	12	844.6429841079719
968613.0	13	NaN
968613.0	14	1264.4895757110319
968613.0	15	1124.7943713397858
968613.0	16	1513.8704970443048
977373.0	1	572.1805325780364
977373.0	2	575.0501575193904
977373.0	3	1025.0739326530966
977373.0	4	611.2320397350538
977373.0	5	855.0067588610261
977373.0	6	1518.147257800517
977373.0	7	1149.865235743342
977373.0	8	731.5589372286906
977373.0	9	886.9053492220739
977373.0	10	596.3679326661279
977373.0	11	1524.4595101680234
977373.0	12	771.7128741142125
977373.0	13	NaN
977373.0	14	1038.773770911645
977373.0	15	932.1943701546982
977373.0	16	1287.01073230892
986145.0	1	874.328844486223
986145.0	2	771.5944080316375
986145.0	3	1201.2319042412007
986145.0	4	700.9927206919946
986145.0	5	976.6672160641427
986145.0	6	1629.1957528107444
986145.0	7	1289.0131151368946
986145.0	8	898.2351916541847
986145.0	9	1246.0807603072694
986145.0	10	942.3458131772474
986145.0	11	1611.2964821102446
986145.0	12	1009.6374912942035
986145.0	13	NaN
986145.0	14	1209.5618133630487
986145.0	15	1207.4149787145968
986145.0	16	1544.6147671903252
994917.0	1	604.3548731215636
994917.0	2	533.759721592088
994917.0	3	1017.8174989461471
994917.0	4	570.7090334881001
994917.0	5	783.2338802475261
994917.0	6	1432.7996470055093
994917.0	7	1070.7060692912812
994917.0	8	741.0098651983865
994917.0	9	967.9271415485757
994917.0	10	767.4198687711737
994917.0	11	1411.3558781397808
994917.0	12	709.620751153559
994917.0	13	NaN
994917.0	14	1090.3887678742542
994917.0	15	1035.5767936568247
994917.0	16	1412.9166816235647
1003677.0	1	662.927554647702
1003677.0	2	629.5881685425193
1003677.0	3	1133.1190597618881
1003677.0	4	662.9615528013371
1003677.0	5	871.975494964623
1003677.0	6	1556.100397268286
1003677.0	7	1177.188362202636
1003677.0	8	832.4925047026387
1003677.0	9	1136.1913666638475
1003677.0	10	778.6714986956939
1003677.0	11	1493.4328829526494
1003677.0	12	823.6653156006626
1003677.0	13	NaN
1003677.0	14	1126.9283526573006
1003677.0	15	1031.3579647683375
1003677.0	16	1443.2264416635371
1012437.0	1	731.8150533174395
1012437.0	2	690.9889499773531
1012437.0	3	1137.1655591432575
1012437.0	4	806.0710220192273
1012437.0	5	798.3365604842542
1012437.0	6	1332.984728497481
1012437.0	7	1039.1287984774133
1012437.0	8	942.8056672500704
1012437.0	9	1104.7002780340906
1012437.0	10	837.3049249001517
1012437.0	11	1251.1331132134553
1012437.0	12	831.0901414118046
1012437.0	13	NaN
1012437.0	14	1089.2922707297482
1012437.0	15	996.8735235636557
1012437.0	16	1340.5953191334975
1021209.0	1	753.7538586428576
1021209.0	2	744.8262350334336
1021209.0	3	1408.0718245122307
1021209.0	4	806.2938225028224
1021209.0	5	1045.9527634124356
1021209.0	6	1614.1545878430475
1021209.0	7	1234.968179477348
1021209.0	8	895.151627650058
1021209.0	9	1113.4741632358005
1021209.0	10	760.8961403567594
1021209.0	11	1600.4490138762264
1021209.0	12	883.7096926613057
1021209.0	13	NaN
1021209.0	14	1234.8866826400706
1021209.0	15	1150.6596317729136
1021209.0	16	1377.6678563842465
1029981.0	1	620.5706389487204
1029981.0	2	629.9227563023253
1029981.0	3	959.3602980600754
1029981.0	4	689.760554465162
1029981.0	5	829.5173308361591
1029981.0	6	1559.7302299668838
1029981.0	7	1095.6353341077402
1029981.0	8	749.701399692936
1029981.0	9	902.7266783466881
1029981.0	10	719.0707481306634
1029981.0	11	1410.9208719145558
1029981.0	12	761.0756470119005
1029981.0	13	NaN
1029981.0	14	1076.634583188896
1029981.0	15	1130.6919616029336
1029981.0	16	1249.685186474906
1038741.0	1	653.7017277756944
1038741.0	2	673.5278068672196
1038741.0	3	1068.8320779815456
1038741.0	4	732.9695535039543
1038741.0	5	812.037658081777
1038741.0	6	1588.0280693075717
1038741.0	7	1325.5133352017879
1038741.0	8	758.493229175368
1038741.0	9	1017.6691128529823
1038741.0	10	737.2322899310956
1038741.0	11	1602.447589788579
1038741.0	12	879.9133727123509
1038741.0	13	NaN
1038741.0	14	1343.4276762344762
1038741.0	15	1139.8415105627691
1038741.0	16	1483.4543787740254
1047501.0	1	752.6365114753331
1047501.0	2	670.9760017021293
1047501.0	3	985.7694489621002
1047501.0	4	643.7169854993335
1047501.0	5	846.1827417681427
1047501.0	6	1421.4976503885543
1047501.0	7	1020.3970390641337
1047501.0	8	779.7141929842976
1047501.0	9	1013.4118880510696
1047501.0	10	756.4196526392475
1047501.0	11	1277.2345985570414
1047501.0	12	839.0931136746278
1047501.0	13	NaN
1047501.0	14	1054.382040025547
1047501.0	15	990.0062369035937
1047501.0	16	1273.031430802223
1056273.0	1	688.3168028274939
1056273.0	2	555.763637149394
1056273.0	3	1167.516275956406
1056273.0	4	596.5815172535866
1056273.0	5	875.9480848280368
1056273.0	6	1557.7552347053347
1056273.0	7	1259.0909518403869
1056273.0	8	713.337696486306
1056273.0	9	1023.0424112990969
1056273.0	10	828.3004264405732
1056273.0	11	1655.0995324291962
1056273.0	12	881.1375804669387
1056273.0	13	NaN
1056273.0	14	1254.125055246615
1056273.0	15	1171.768804266112
1056273.0	16	1618.9250091473857
1065045.0	1	447.46812604392494
1065045.0	2	350.45725051489956
1065045.0	3	972.8979050922992
1065045.0	4	345.8991977684327
1065045.0	5	732.8778730053704
1065045.0	6	1558.6619990392605
1065045.0	7	1035.8521835802737
1065045.0	8	403.20803708861337
1065045.0	9	585.3457597174387
1065045.0	10	491.1968624163172
1065045.0	11	1597.3696506175725
1065045.0	12	634.9051769478458
1065045.0	13	NaN
1065045.0	14	1012.2656856475464
1065045.0	15	946.8415460142352
1065045.0	16	1072.3975391145223
1073805.0	1	742.0238787831398
1073805.0	2	638.292894630067
1073805.0	3	1001.2766986407477
1073805.0	4	620.997195233342
1073805.0	5	838.2295671874848
1073805.0	6	1423.4733546082102
1073805.0	7	1121.3917046493002
1073805.0	8	767.2332943489677
1073805.0	9	1012.7796789640698
1073805.0	10	755.4962010661267
1073805.0	11	1375.2429354081642
1073805.0	12	863.5241642874138
1073805.0	13	NaN
1073805.0	14	1023.2917651443321
1073805.0	15	1002.4378460533753
1073805.0	16	1306.8980586906634
1082565.0	1	723.9825372060982
1082565.0	2	618.6664596247776
1082565.0	3	1244.548309924251
1082565.0	4	656.336189886005
1082565.0	5	871.2280243372539
1082565.0	6	1758.7526139821791
1082565.0	7	1426.445495614985
1082565.0	8	795.9368863864887
1082565.0	9	1035.2993419587624
1082565.0	10	795.5633414466158
1082565.0	11	1822.5933232618893
1082565.0	12	940.0332474950657
1082565.0	13	NaN
1082565.0	14	1201.8341603072645
1082565.0	15	1242.6249676860593
1082565.0	16	1566.7015072843376
1091337.0	1	717.7197810093636
1091337.0	2	738.841677087801
1091337.0	3	1152.2941497489398
1091337.0	4	810.3836658655539
1091337.0	5	883.8573005029474
1091337.0	6	1492.5936376139748
1091337.0	7	1245.623748196408
1091337.0	8	941.2036016472268
1091337.0	9	1243.7339103917968
1091337.0	10	919.8116439884864
1091337.0	11	1491.5706491107399
1091337.0	12	858.076610782418
1091337.0	13	NaN
1091337.0	14	1326.8324986668342
1091337.0	15	1225.231040866943
1091337.0	16	1568.3215039132563
1100109.0	1	641.9821807331072
1100109.0	2	606.9130342229197
1100109.0	3	1104.9545250123128
1100109.0	4	642.3558930055443
1100109.0	5	900.627173068972
1100109.0	6	1429.9881963708995
1100109.0	7	1141.235936510949
1100109.0	8	837.3192677953872
1100109.0	9	1064.1540908073503
1100109.0	10	752.2721160200687
1100109.0	11	1408.7479088618384
1100109.0	12	835.8398197008127
1100109.0	13	NaN
1100109.0	14	1007.3973699696506
1100109.0	15	1054.8713840664534
1100109.0	16	1367.5688480919766
1108869.0	1	641.860029985279
1108869.0	2	611.8994450470121
1108869.0	3	1251.7314605577715
1108869.0	4	689.9519285897461
1108869.0	5	909.9106700249569
1108869.0	6	1555.2995290465278
1108869.0	7	1215.060172406363
1108869.0	8	752.7113955428931
1108869.0	9	918.5069937999568
1108869.0	10	717.4066557095524
1108869.0	11	1623.4155001542306
1108869.0	12	815.5272798671698
1108869.0	13	NaN
1108869.0	14	1016.7602209326988
1108869.0	15	1074.9728026735806
1108869.0	16	1297.3553092008283
1117629.0	1	798.4490244810877
1117629.0	2	753.1180873617775
1117629.0	3	1254.1467589748977
1117629.0	4	828.5899490136521
1117629.0	5	1016.0829721937257
1117629.0	6	1557.106244784821
1117629.0	7	1310.657791962677
1117629.0	8	980.9674186857246
1117629.0	9	1153.5476484469802
1117629.0	10	890.3975482447975
1117629.0	11	1627.2473139310728
1117629.0	12	969.0100869317338
1117629.0	13	NaN
1117629.0	14	1235.2127794810442
1117629.0	15	1068.838669159857
1117629.0	16	1569.2259478120934
1126401.0	1	702.5780055293999
1126401.0	2	616.6125839222312
1126401.0	3	1356.5836113346948
1126401.0	4	679.6888506275906
1126401.0	5	925.7092777451736
1126401.0	6	1704.1701822743764
1126401.0	7	1519.1523162159192
1126401.0	8	816.1576478908701
1126401.0	9	1074.5720194058697
1126401.0	10	779.7740630898095
1126401.0	11	1939.617111162269
1126401.0	12	927.0928101043953
1126401.0	13	NaN
1126401.0	14	1527.8089603496578
1126401.0	15	1340.2876692520113
1126401.0	16	1651.4549321682928
1135173.0	1	599.0604143452035
1135173.0	2	539.3844767253229
1135173.0	3	1044.9927647023926
1135173.0	4	576.8537217427489
1135173.0	5	744.3044253038303
1135173.0	6	1432.564616384741
1135173.0	7	1185.7252256579986
1135173.0	8	726.3160720707211
1135173.0	9	1063.4108492602863
1135173.0	10	737.1273586494361
1135173.0	11	1599.957309904826
1135173.0	12	728.4431749058091
1135173.0	13	NaN
1135173.0	14	1180.997000630281
1135173.0	15	1097.0830650282671
1135173.0	16	1441.847575284246
1143933.0	1	801.0125534993776
1143933.0	2	678.7859503074841
1143933.0	3	1221.3380250501054
1143933.0	4	667.4787126808991
1143933.0	5	987.0370112815601
1143933.0	6	1520.8729525516098
1143933.0	7	1305.8572345902064
1143933.0	8	787.8888093089001
1143933.0	9	1095.543756456513
1143933.0	10	902.5170481466607
1143933.0	11	1598.7551081698114
1143933.0	12	995.6836523837708
1143933.0	13	NaN
1143933.0	14	1356.3639376547644
1143933.0	15	1163.686537152476
1143933.0	16	1572.8005568172052
1152693.0	1	775.9558242799533
1152693.0	2	637.3639691389683
1152693.0	3	1122.2317257820873
1152693.0	4	622.6068373176456
1152693.0	5	889.7448698845409
1152693.0	6	1468.7068151474907
1152693.0	7	1294.1537909514502
1152693.0	8	706.5108314305473
1152693.0	9	1007.2080783115455
1152693.0	10	866.8763908733873
1152693.0	11	1529.6367080091313
1152693.0	12	962.9460477843597
1152693.0	13	NaN
1152693.0	14	1338.8767041341284
1152693.0	15	1166.9986987630132
1152693.0	16	1451.2747571765342
1161465.0	1	681.4926168619097
1161465.0	2	578.5820867988707
1161465.0	3	1149.1288096288877
1161465.0	4	586.2404736367289
1161465.0	5	806.7240113479478
1161465.0	6	1598.370264589116
1161465.0	7	1220.7915689897266
1161465.0	8	723.6206516518579
1161465.0	9	1023.7720435404016
1161465.0	10	786.665116837203
1161465.0	11	1599.976492365372
1161465.0	12	788.4685672615996
1161465.0	13	NaN
1161465.0	14	1177.7130526847227
1161465.0	15	1011.2917434458318
1161465.0	16	1374.3330523876423
1170237.0	1	550.1602737321103
1170237.0	2	475.36885299122747
1170237.0	3	884.4574119357302
1170237.0	4	457.12830417067914
1170237.0	5	728.5541932914467
1170237.0	6	1201.875915945142
1170237.0	7	854.3936909708606
1170237.0	8	583.4442640505714
1170237.0	9	770.3020585498962
1170237.0	10	581.3684146803344
1170237.0	11	1178.9874623954574
1170237.0	12	718.5763017829917
1170237.0	13	NaN
1170237.0	14	826.8664693516143
1170237.0	15	785.1233839562943
1170237.0	16	991.9591998786731
1178997.0	1	560.1036751762504
1178997.0	2	502.6338608514068
1178997.0	3	1231.6013864653007
1178997.0	4	540.1432345414962
1178997.0	5	936.8810112697408
1178997.0	6	1626.3971583440054
1178997.0	7	1155.1650470959337
1178997.0	8	700.8137537182448
1178997.0	9	929.3594404930531
1178997.0	10	625.7754729337834
1178997.0	11	1612.75505551395
1178997.0	12	752.7773650107176
1178997.0	13	NaN
1178997.0	14	1211.5398077205916
1178997.0	15	1111.6541177699087
1178997.0	16	1289.870474587202
1187757.0	1	732.0874799135779
1187757.0	2	647.9134046352573
1187757.0	3	1133.4669368634395
1187757.0	4	691.6831427122335
1187757.0	5	891.0846067642386
1187757.0	6	1646.158604536936
1187757.0	7	1220.2845217970273
1187757.0	8	912.7988429841876
1187757.0	9	1096.4269841129878
1187757.0	10	793.1618054529422
1187757.0	11	1542.6262248926967
1187757.0	12	912.9905174888185
1187757.0	13	NaN
1187757.0	14	1127.8687947728226
1187757.0	15	1043.8335261048958
1187757.0	16	1412.3836674643462
1196529.0	1	737.3825283688464
1196529.0	2	675.3656135361935
1196529.0	3	1020.6768145443901
1196529.0	4	655.594798818204
1196529.0	5	911.0290251256838
1196529.0	6	1313.6234850531848
1196529.0	7	1168.9966804400347
1196529.0	8	793.6131200584065
1196529.0	9	1019.1353825232724
1196529.0	10	814.6071579854852
1196529.0	11	1446.7795374288862
1196529.0	12	874.9369826147448
1196529.0	13	NaN
1196529.0	14	1252.9129922014586
1196529.0	15	1122.164350143365
1196529.0	16	1395.9638681152617
1205301.0	1	741.697239720811
1205301.0	2	744.7745631025863
1205301.0	3	1078.435372209835
1205301.0	4	776.0249886373393
1205301.0	5	894.651589918284
1205301.0	6	1131.5088920492117
1205301.0	7	949.6580313105687
1205301.0	8	906.1444703950837
1205301.0	9	1079.952004275931
1205301.0	10	752.4640146081623
1205301.0	11	1278.1349654199903
1205301.0	12	856.8570936187987
1205301.0	13	NaN
1205301.0	14	1160.1656449747195
1205301.0	15	1034.8843976571964
1205301.0	16	1192.1773972735361
1214061.0	1	641.07198303962
1214061.0	2	516.7178202426572
1214061.0	3	1273.9558810293152
1214061.0	4	521.2477985091521
1214061.0	5	859.7529284969695
1214061.0	6	1961.677961170257
1214061.0	7	1375.2803982566124
1214061.0	8	636.8179027887451
1214061.0	9	943.7119783276314
1214061.0	10	679.2189725706997
1214061.0	11	1906.1436811253875
1214061.0	12	901.1072018070381
1214061.0	13	NaN
1214061.0	14	1291.0549100872643
1214061.0	15	1198.5138919860847
1214061.0	16	1417.1450726920202
1222821.0	1	783.5885187966392
1222821.0	2	758.075214342971
1222821.0	3	1104.7496924303668
1222821.0	4	779.8599802121246
1222821.0	5	907.4379771283001
1222821.0	6	1325.2843756383375
1222821.0	7	1145.696959618546
1222821.0	8	882.760810538278
1222821.0	9	1088.0899742857935
1222821.0	10	820.3251906632926
1222821.0	11	1403.0188732536167
1222821.0	12	886.5245568584588
1222821.0	13	NaN
1222821.0	14	1054.9842255193562
1222821.0	15	1030.5410945395338
1222821.0	16	1458.3720079935415
1231593.0	1	688.1709707782524
1231593.0	2	601.6997174249833
1231593.0	3	1056.0725850925307
1231593.0	4	653.8735314429653
1231593.0	5	816.6381745418705
1231593.0	6	1420.2863676056918
1231593.0	7	1077.8802565886617
1231593.0	8	752.8046956064874
1231593.0	9	967.297780625107
1231593.0	10	791.3918194819046
1231593.0	11	1405.465304343405
1231593.0	12	793.6159739919681
1231593.0	13	NaN
1231593.0	14	1230.3443007444998
1231593.0	15	1148.3179652726585
1231593.0	16	1300.275867021272
1240365.0	1	735.0068569194203
1240365.0	2	611.1031023643279
1240365.0	3	1023.8122570835641
1240365.0	4	676.0419777326022
1240365.0	5	784.6452012875876
1240365.0	6	1248.0183633743197
1240365.0	7	921.6986428917821
1240365.0	8	738.1342447960301
1240365.0	9	866.0795215291708
1240365.0	10	755.7264326569137
1240365.0	11	1160.9199658025796
1240365.0	12	765.6727272166144
1240365.0	13	NaN
1240365.0	14	950.9417642115583
1240365.0	15	966.7843076632782
1240365.0	16	1124.1467672920126
1249125.0	1	598.9769348269319
1249125.0	2	595.5983462651594
1249125.0	3	1023.4327471033305
1249125.0	4	592.2943851295882
1249125.0	5	706.3498898138188
1249125.0	6	1507.097519706051
1249125.0	7	1110.467892558624
1249125.0	8	699.2823223587001
1249125.0	9	923.9888083358458
1249125.0	10	636.3016473332518
1249125.0	11	1567.056657361614
1249125.0	12	713.5287774123757
1249125.0	13	NaN
1249125.0	14	1249.5377809138504
1249125.0	15	1178.5989724257613
1249125.0	16	1264.4692562154921
1257885.0	1	547.0654115498955
1257885.0	2	483.7482625366015
1257885.0	3	1118.105323948549
1257885.0	4	545.9737395408581
1257885.0	5	806.3962744293291
1257885.0	6	1680.653756198385
1257885.0	7	1246.4206537352095
1257885.0	8	634.5023543548635
1257885.0	9	942.1666299482073
1257885.0	10	661.0758201967276
1257885.0	11	1688.4876139381597
1257885.0	12	734.0904140110775
1257885.0	13	NaN
1257885.0	14	1156.0114811825972
1257885.0	15	1095.4263776436114
1257885.0	16	1377.6331046541345
1266657.0	1	713.7126594155006
1266657.0	2	582.1963152992903
1266657.0	3	1100.50466393118
1266657.0	4	550.2320212879266
1266657.0	5	895.9605859038453
1266657.0	6	1600.8537464951062
1266657.0	7	1248.8405209440366
1266657.0	8	657.3794470079545
1266657.0	9	924.1346764139129
1266657.0	10	689.3249556747484
1266657.0	11	1566.7701279394926
1266657.0	12	916.9851530514749
1266657.0	13	NaN
1266657.0	14	1257.8432871867678
1266657.0	15	1135.9342235668657
1266657.0	16	1330.1963213957918
1275429.0	1	586.1918322350632
1275429.0	2	551.9183977085132
1275429.0	3	1177.6741567176298
1275429.0	4	534.872291432996
1275429.0	5	811.9070159213454
1275429.0	6	1409.1818745447563
1275429.0	7	1058.1762072673066
1275429.0	8	635.1774258215281
1275429.0	9	911.310779424889
1275429.0	10	685.0739565867932
1275429.0	11	1440.1022893575712
1275429.0	12	762.6212312507412
1275429.0	13	NaN
1275429.0	14	966.8168507170714
1275429.0	15	1029.1767632082197
1275429.0	16	1265.5865426790995
1284189.0	1	798.0347047744553
1284189.0	2	714.7340259470192
1284189.0	3	1124.34643112918
1284189.0	4	747.9470168865365
1284189.0	5	849.5956488397389
1284189.0	6	1462.7896294710717
1284189.0	7	1294.2863462290225
1284189.0	8	881.8214580535065
1284189.0	9	1195.238787217682
1284189.0	10	867.1451364958268
1284189.0	11	1463.7561851106336
1284189.0	12	971.8208016050896
1284189.0	13	NaN
1284189.0	14	1216.9731919473475
1284189.0	15	1139.7424989154758
1284189.0	16	1572.1789847561079
1292949.0	1	562.9076060568163
1292949.0	2	489.81687963050854
1292949.0	3	1116.5712240811217
1292949.0	4	528.814304877259
1292949.0	5	867.093342200673
1292949.0	6	1337.1226995211703
1292949.0	7	1055.8025702650525
1292949.0	8	617.3166149170298
1292949.0	9	884.6463928612167
1292949.0	10	667.1768042772277
1292949.0	11	1414.8827411597763
1292949.0	12	774.556252003725
1292949.0	13	NaN
1292949.0	14	1197.7579658381733
1292949.0	15	1100.9417836269495
1292949.0	16	1251.5250388553598
1301721.0	1	716.2863215298449
1301721.0	2	604.0925513092373
1301721.0	3	1365.5630744897906
1301721.0	4	616.1471716242298
1301721.0	5	950.5593555948707
1301721.0	6	1729.3793488670046
1301721.0	7	1274.3974268691165
1301721.0	8	757.3530295706589
1301721.0	9	1030.9409568775668
1301721.0	10	814.9949149579622
1301721.0	11	1896.7045769851695
1301721.0	12	794.6930845474235
1301721.0	13	NaN
1301721.0	14	1435.6052237922183
1301721.0	15	1163.2351306935425
1301721.0	16	1554.9542779420858
1310493.0	1	601.7854982242528
1310493.0	2	488.6290409336512
1310493.0	3	1052.2933297181287
1310493.0	4	505.6395132574984
1310493.0	5	704.6546610474227
1310493.0	6	1755.1721952070254
1310493.0	7	1133.212896090222
1310493.0	8	638.8043259231266
1310493.0	9	836.3616365966558
1310493.0	10	627.5375008733818
1310493.0	11	1654.8105169129715
1310493.0	12	706.9069835764216
1310493.0	13	NaN
1310493.0	14	1070.7950362750928
1310493.0	15	1028.2421368316607
1310493.0	16	1235.067987799241
1319253.0	1	711.9981297506134
1319253.0	2	656.9442303747167
1319253.0	3	1177.0651356250955
1319253.0	4	657.6300668527732
1319253.0	5	946.5629824758801
1319253.0	6	1716.3085626207283
1319253.0	7	1328.5781950265753
1319253.0	8	801.7714006935402
1319253.0	9	1161.8725681299693
1319253.0	10	768.3910229284777
1319253.0	11	1691.251274920591
1319253.0	12	902.8681785152902
1319253.0	13	NaN
1319253.0	14	1304.4155240478478
1319253.0	15	1243.6933871388264
1319253.0	16	1564.838438726783
1328013.0	1	800.4872246410865
1328013.0	2	734.7677293503878
1328013.0	3	1204.15857780817
1328013.0	4	847.1143509449136
1328013.0	5	937.3230130951292
1328013.0	6	1524.0437730283218
1328013.0	7	1331.9305483073686
1328013.0	8	1024.730003677415
1328013.0	9	1163.2651087787106
1328013.0	10	888.8518310930683
1328013.0	11	1570.264441455445
1328013.0	12	980.0229834722086
1328013.0	13	NaN
1328013.0	14	1291.3124264842413
1328013.0	15	1088.336623738135
1328013.0	16	1542.5569107642482
1336785.0	1	618.9373995539373
1336785.0	2	625.4481744397588
1336785.0	3	958.3103713796228
1336785.0	4	646.2332614596982
1336785.0	5	777.3858034906751
1336785.0	6	1463.7092099603315
1336785.0	7	1067.2156675807216
1336785.0	8	748.794468426076
1336785.0	9	1025.0737484754247
1336785.0	10	723.3571389660657
1336785.0	11	1330.516864131454
1336785.0	12	722.8354639103734
1336785.0	13	NaN
1336785.0	14	1067.5204706203858
1336785.0	15	943.988173087835
1336785.0	16	1296.7561793078733
1345557.0	1	562.8430235241234
1345557.0	2	506.6493242221911
1345557.0	3	955.7293784903139
1345557.0	4	530.937941564821
1345557.0	5	683.7590952563793
1345557.0	6	1505.9459359923892
1345557.0	7	1060.0740251457664
1345557.0	8	603.0214786683154
1345557.0	9	771.4834793333154
1345557.0	10	619.3763327634922
1345557.0	11	1442.0769753887507
1345557.0	12	668.4349523060556
1345557.0	13	NaN
1345557.0	14	1097.621919438351
1345557.0	15	851.7174129931395
1345557.0	16	1187.9353700279912
1354317.0	1	822.271342778318
1354317.0	2	680.1736103054313
1354317.0	3	1367.4390231045004
1354317.0	4	688.2071638382157
1354317.0	5	1024.6904672107253
1354317.0	6	1735.4369257953829
1354317.0	7	1604.3647076944717
1354317.0	8	837.4637631109235
1354317.0	9	1132.9236326579241
1354317.0	10	885.0430580652413
1354317.0	11	1980.7434321138057
1354317.0	12	1000.8097032377027
1354317.0	13	NaN
1354317.0	14	1523.814310996649
1354317.0	15	1295.3256955121883
1354317.0	16	1767.9868933911637
1363077.0	1	576.6828921520452
1363077.0	2	522.5411586387974
1363077.0	3	832.9084332291092
1363077.0	4	543.2146678978929
1363077.0	5	643.8562081475742
1363077.0	6	1221.3357380961063
1363077.0	7	901.9322354913132
1363077.0	8	667.6397179630993
1363077.0	9	883.1208405093024
1363077.0	10	674.0359245843559
1363077.0	11	1225.797025383414
1363077.0	12	645.1351402462767
1363077.0	13	NaN
1363077.0	14	1102.2955461806619
1363077.0	15	975.3182376719191
1363077.0	16	1155.9746978910607
1371849.0	1	687.707453407165
1371849.0	2	577.2229092264505
1371849.0	3	1102.546536273505
1371849.0	4	625.7677041795977
1371849.0	5	850.3123964496614
1371849.0	6	1626.9725913091786
1371849.0	7	1123.0799864496425
1371849.0	8	689.9293641226094
1371849.0	9	868.6995401725607
1371849.0	10	675.3066981807509
1371849.0	11	1378.316976975436
1371849.0	12	878.765397506104
1371849.0	13	NaN
1371849.0	14	1036.4069114341783
1371849.0	15	1041.8684690957575
1371849.0	16	1188.097569341236
1380621.0	1	684.427919445896
1380621.0	2	581.9049652979503
1380621.0	3	1110.6316207501204
1380621.0	4	567.8888050719429
1380621.0	5	791.9787785837674
1380621.0	6	1645.234955160712
1380621.0	7	1208.9324514211653
1380621.0	8	719.3677454688824
1380621.0	9	973.9636954994355
1380621.0	10	735.2137575918582
1380621.0	11	1511.2797955342376
1380621.0	12	822.8168469085966
1380621.0	13	NaN
1380621.0	14	1278.6360947669457
1380621.0	15	1113.214470997613
1380621.0	16	1481.429027985973
1389381.0	1	805.5182462365701
1389381.0	2	749.6272633636087
1389381.0	3	1142.1395669626363
1389381.0	4	809.04472068678
1389381.0	5	902.6118508729246
1389381.0	6	1350.2565320655447
1389381.0	7	1211.6603032390474
1389381.0	8	889.2398683124688
1389381.0	9	1115.3886497994654
1389381.0	10	892.2996712394291
1389381.0	11	1416.141129887699
1389381.0	12	907.5252707764662
1389381.0	13	NaN
1389381.0	14	1344.6245847204052
1389381.0	15	1205.0382517225803
1389381.0	16	1496.0862831169277
1398141.0	1	517.9989311190282
1398141.0	2	480.3408168809664
1398141.0	3	998.7464006705477
1398141.0	4	495.04279703980825
1398141.0	5	653.9228814808397
1398141.0	6	1502.5108564666266
1398141.0	7	1038.6391567870648
1398141.0	8	686.6835861554036
1398141.0	9	1053.699416577047
1398141.0	10	680.1015298362834
1398141.0	11	1388.7386020880344
1398141.0	12	648.7555882146254
1398141.0	13	NaN
1398141.0	14	1079.0776300460193
1398141.0	15	964.401953930123
1398141.0	16	1365.812843319668
1406913.0	1	906.1520800884281
1406913.0	2	773.4507815255402
1406913.0	3	1225.476100431434
1406913.0	4	801.5179101278134
1406913.0	5	987.0686638432536
1406913.0	6	1203.7585910064709
1406913.0	7	1312.7926495691822
1406913.0	8	1042.9978671968443
1406913.0	9	1350.0709566006126
1406913.0	10	1027.0394747380594
1406913.0	11	1507.2662072832388
1406913.0	12	1023.2517287150116
1406913.0	13	NaN
1406913.0	14	1399.0870701415297
1406913.0	15	1194.6054662174304
1406913.0	16	1730.3035599540767
1415685.0	1	630.177876436978
1415685.0	2	604.8039702697021
1415685.0	3	1105.2404001432067
1415685.0	4	628.9118414993961
1415685.0	5	822.0694216964205
1415685.0	6	1608.0294692208877
1415685.0	7	1234.7935311025958
1415685.0	8	727.098538701129
1415685.0	9	940.328157502681
1415685.0	10	678.766650997578
1415685.0	11	1668.636745427064
1415685.0	12	826.3193258881336
1415685.0	13	NaN
1415685.0	14	1268.3684971397252
1415685.0	15	1100.7469772822599
1415685.0	16	1360.83186815248
1424445.0	1	564.8299831975834
1424445.0	2	527.6904332399253
1424445.0	3	1128.971863661087
1424445.0	4	575.8923582510013
1424445.0	5	773.218981283128
1424445.0	6	1635.0162175829792
1424445.0	7	1158.0968749222302
1424445.0	8	668.4535954897423
1424445.0	9	853.8047738891144
1424445.0	10	653.4676004067015
1424445.0	11	1613.8118027285939
1424445.0	12	700.4966865862347
1424445.0	13	NaN
1424445.0	14	1085.2834181264543
1424445.0	15	1022.1452252180759
1424445.0	16	1256.0594903581998
1433205.0	1	609.8326702862453
1433205.0	2	571.8640500404723
1433205.0	3	1163.7017630025541
1433205.0	4	593.7586050032568
1433205.0	5	886.7088979065435
1433205.0	6	1247.5627700413074
1433205.0	7	1121.6024503467036
1433205.0	8	753.7501420293612
1433205.0	9	984.970129857798
1433205.0	10	640.7112362890102
1433205.0	11	1439.2294509079031
1433205.0	12	786.2435396163305
1433205.0	13	NaN
1433205.0	14	1175.6749900419843
1433205.0	15	1084.339677041418
1433205.0	16	1231.0444142127049
1441977.0	1	513.5435370074125
1441977.0	2	489.6188851312268
1441977.0	3	928.823247825644
1441977.0	4	550.7402842830268
1441977.0	5	649.8200573875739
1441977.0	6	1465.6188267425052
1441977.0	7	1044.4816395679738
1441977.0	8	632.6805700118368
1441977.0	9	752.078543358756
1441977.0	10	548.028580233254
1441977.0	11	1448.0801281690494
1441977.0	12	613.7188229227514
1441977.0	13	NaN
1441977.0	14	1104.3010865463023
1441977.0	15	998.0379346259434
1441977.0	16	1112.9858330893499
1450749.0	1	818.4379041829218
1450749.0	2	695.1381760380167
1450749.0	3	1112.8574117913229
1450749.0	4	705.3250867924748
1450749.0	5	984.9625947794661
1450749.0	6	1521.421585245203
1450749.0	7	1236.8636547440456
1450749.0	8	794.9747094321733
1450749.0	9	1089.5727468412524
1450749.0	10	833.5443027795399
1450749.0	11	1564.7086355204924
1450749.0	12	948.8350377478052
1450749.0	13	NaN
1450749.0	14	1261.659171319428
1450749.0	15	1164.8005364796284
1450749.0	16	1493.0673622856946
1459509.0	1	804.8033856385646
1459509.0	2	683.6018872049281
1459509.0	3	1214.099305866197
1459509.0	4	740.0576117267094
1459509.0	5	957.1715013324913
1459509.0	6	1629.1490027587445
1459509.0	7	1319.0889656388715
1459509.0	8	894.1761865500599
1459509.0	9	1115.207261067711
1459509.0	10	874.6597495059875
1459509.0	11	1572.3392819281155
1459509.0	12	974.3374269085784
1459509.0	13	NaN
1459509.0	14	1444.227077333712
1459509.0	15	1265.9673818924414
1459509.0	16	1504.5470489251454
1468269.0	1	675.4803015612109
1468269.0	2	605.1596235684518
1468269.0	3	1173.5237718811725
1468269.0	4	706.4947170649953
1468269.0	5	960.7397206632945
1468269.0	6	1828.2927001492433
1468269.0	7	1428.3092415797105
1468269.0	8	834.7507041183911
1468269.0	9	1098.6875159774806
1468269.0	10	789.4088266381792
1468269.0	11	1712.0696982981594
1468269.0	12	932.8593796919046
1468269.0	13	NaN
1468269.0	14	1362.7123262453977
1468269.0	15	1198.9011018978476
1468269.0	16	1589.2631224507245
1477041.0	1	772.9356249337849
1477041.0	2	695.0910184080661
1477041.0	3	1075.6722537359717
1477041.0	4	783.3819907749713
1477041.0	5	909.7752935099239
1477041.0	6	1322.3282914285928
1477041.0	7	1236.6223446735216
1477041.0	8	852.4124733388795
1477041.0	9	1037.2450554585162
1477041.0	10	813.7654386250882
1477041.0	11	1420.54936516526
1477041.0	12	924.0653741697394
1477041.0	13	NaN
1477041.0	14	1433.4731970757953
1477041.0	15	1077.7156695017402
1477041.0	16	1362.7009251165744
1485813.0	1	743.6033560128212
1485813.0	2	616.5766700493019
1485813.0	3	997.2943797753812
1485813.0	4	563.5901106728901
1485813.0	5	864.7590938885894
1485813.0	6	1393.6122439570056
1485813.0	7	1082.0369120128591
1485813.0	8	705.9273127194614
1485813.0	9	958.7486827812306
1485813.0	10	782.7659482760797
1485813.0	11	1253.9137704482573
1485813.0	12	880.9263851425881
1485813.0	13	NaN
1485813.0	14	1079.6767667007898
1485813.0	15	992.6809394251995
1485813.0	16	1269.0757289587953
1494573.0	1	667.8494613091408
1494573.0	2	616.3568743634581
1494573.0	3	1122.769275488021
1494573.0	4	656.7952838930695
1494573.0	5	790.9735322635592
1494573.0	6	1716.4758709338105
1494573.0	7	1209.8222383502248
1494573.0	8	766.5726383947443
1494573.0	9	1023.6266873996469
1494573.0	10	774.0908657877766
1494573.0	11	1607.6050290664439
1494573.0	12	798.2216568724455
1494573.0	13	NaN
1494573.0	14	1222.8882297903947
1494573.0	15	1138.747231303983
1494573.0	16	1468.6061614054163
1503333.0	1	607.4747761307224
1503333.0	2	565.0882357905111
1503333.0	3	899.7717655884995
1503333.0	4	624.2965167978061
1503333.0	5	718.5966646661249
1503333.0	6	1415.7988449840054
1503333.0	7	958.9232524001685
1503333.0	8	692.9948515960828
1503333.0	9	891.2898172563052
1503333.0	10	707.6302030549758
1503333.0	11	1252.802444749256
1503333.0	12	695.6076098935304
1503333.0	13	NaN
1503333.0	14	1064.037366802847
1503333.0	15	897.1448343487085
1503333.0	16	1189.1811608448702
1512105.0	1	627.9176260371906
1512105.0	2	479.60902634632316
1512105.0	3	954.7352869318012
1512105.0	4	495.83899845351704
1512105.0	5	712.3125224258004
1512105.0	6	1248.0883998964005
1512105.0	7	1138.348810129998
1512105.0	8	676.5356766719154
1512105.0	9	1058.5385502362649
1512105.0	10	754.8216422238689
1512105.0	11	1446.200171969356
1512105.0	12	755.3934362864608
1512105.0	13	NaN
1512105.0	14	1264.646689191799
1512105.0	15	1035.517211825102
1512105.0	16	1409.700427714504
1520877.0	1	607.6628004326832
1520877.0	2	497.4922876451174
1520877.0	3	840.329015567997
1520877.0	4	501.2474105834053
1520877.0	5	637.4654544826352
1520877.0	6	1619.3923418118143
1520877.0	7	981.6242506483212
1520877.0	8	547.896469805556
1520877.0	9	770.8118015219055
1520877.0	10	616.8493133170704
1520877.0	11	1337.4186541716838
1520877.0	12	707.076185394574
1520877.0	13	NaN
1520877.0	14	1017.426150127068
1520877.0	15	959.600753849008
1520877.0	16	1144.101176811112
1529637.0	1	691.3280489000663
1529637.0	2	672.4489165982845
1529637.0	3	1164.6660521279339
1529637.0	4	773.5739106050609
1529637.0	5	825.8727006991166
1529637.0	6	1669.1178212871919
1529637.0	7	1273.7359324839863
1529637.0	8	944.9681521385747
1529637.0	9	1218.3405301162898
1529637.0	10	743.6383947698016
1529637.0	11	1669.1636255972649
1529637.0	12	853.0006045182603
1529637.0	13	NaN
1529637.0	14	1279.6777176386
1529637.0	15	1118.2769918506076
1529637.0	16	1608.901822729871
1538397.0	1	536.2101393805897
1538397.0	2	554.4015395210945
1538397.0	3	926.5094792495632
1538397.0	4	608.968426180526
1538397.0	5	691.4418704734604
1538397.0	6	1457.9277598482663
1538397.0	7	1023.213718726983
1538397.0	8	701.5718016364713
1538397.0	9	792.7308393896983
1538397.0	10	553.6667231139633
1538397.0	11	1375.4055175842961
1538397.0	12	642.4393165960716
1538397.0	13	NaN
1538397.0	14	1070.9449562787065
1538397.0	15	839.7993708213628
1538397.0	16	1119.764410910391
1547169.0	1	554.9700662354234
1547169.0	2	513.3156024614822
1547169.0	3	1103.8837581557157
1547169.0	4	503.456735706679
1547169.0	5	817.0319333100475
1547169.0	6	1397.9421236412231
1547169.0	7	1048.8272444141423
1547169.0	8	650.4579179870866
1547169.0	9	883.7751556962004
1547169.0	10	678.5241058656835
1547169.0	11	1464.3931350073517
1547169.0	12	774.7491090800495
1547169.0	13	NaN
1547169.0	14	1298.0389079882618
1547169.0	15	1044.8800936039904
1547169.0	16	1123.7961382892304
1555941.0	1	699.8721612211698
1555941.0	2	571.481174619817
1555941.0	3	1163.910449832306
1555941.0	4	665.2825432376214
1555941.0	5	832.9132900680052
1555941.0	6	1526.3117299989897
1555941.0	7	1197.842275865492
1555941.0	8	790.5273989758276
1555941.0	9	1045.0431319843733
1555941.0	10	790.658409270943
1555941.0	11	1628.7765838953324
1555941.0	12	848.2261176227615
1555941.0	13	NaN
1555941.0	14	1311.4742496538527
1555941.0	15	1072.4037878647143
1555941.0	16	1458.9648783580392
1564701.0	1	725.3472597523319
1564701.0	2	614.703603660488
1564701.0	3	1192.5395106647543
1564701.0	4	634.7101884893634
1564701.0	5	933.0171765380093
1564701.0	6	1487.224174571488
1564701.0	7	1156.6511630810626
1564701.0	8	695.0422496420418
1564701.0	9	935.3823395477456
1564701.0	10	700.3952538386103
1564701.0	11	1512.124972843304
1564701.0	12	870.3364045712804
1564701.0	13	NaN
1564701.0	14	1355.7880177003162
1564701.0	15	1114.387010738916
1564701.0	16	1274.0219741068615
1573461.0	1	751.55133768624
1573461.0	2	667.5889161156359
1573461.0	3	1152.6291671973331
1573461.0	4	741.2512363724185
1573461.0	5	919.3132612734197
1573461.0	6	1730.1745806539388
1573461.0	7	1269.6188847312517
1573461.0	8	827.1703064176963
1573461.0	9	1087.837849523637
1573461.0	10	775.7652259349105
1573461.0	11	1661.5105874973895
1573461.0	12	954.0653914465988
1573461.0	13	NaN
1573461.0	14	1255.2999654873945
1573461.0	15	1153.980232200438
1573461.0	16	1490.8681726693378
1582233.0	1	774.6649291202333
1582233.0	2	587.6691539304877
1582233.0	3	1142.380587402994
1582233.0	4	594.3219933023339
1582233.0	5	896.8007719221715
1582233.0	6	1671.044545161427
1582233.0	7	1384.5143411490567
1582233.0	8	749.0241154601231
1582233.0	9	1025.0591200541335
1582233.0	10	807.2712144679839
1582233.0	11	1719.1586358647849
1582233.0	12	947.1135261317327
1582233.0	13	NaN
1582233.0	14	1474.4495527820097
1582233.0	15	1174.98389262525
1582233.0	16	1456.9076984781257
1591005.0	1	738.9502404044082
1591005.0	2	652.6297441167097
1591005.0	3	1095.3603201251822
1591005.0	4	696.3723226239131
1591005.0	5	870.1280856433482
1591005.0	6	1743.037444951385
1591005.0	7	1372.8777741408787
1591005.0	8	811.4372532701155
1591005.0	9	1111.5925160965392
1591005.0	10	802.9081345824266
1591005.0	11	1694.933423792474
1591005.0	12	934.8841570806535
1591005.0	13	NaN
1591005.0	14	1430.8958868994107
1591005.0	15	1223.737911282669
1591005.0	16	1534.8456298193107
1599765.0	1	698.9642628487692
1599765.0	2	656.0393088983534
1599765.0	3	1276.9060780306581
1599765.0	4	714.0016738773821
1599765.0	5	806.4144122594497
1599765.0	6	1781.7723519343829
1599765.0	7	1295.1181522596612
1599765.0	8	807.5213923540749
1599765.0	9	1096.318447150417
1599765.0	10	781.763657851705
1599765.0	11	1865.134715696372
1599765.0	12	836.8363938842184
1599765.0	13	NaN
1599765.0	14	1456.6186278667358
1599765.0	15	1166.4590439998829
1599765.0	16	1544.347784398595
1608525.0	1	661.4144285463924
1608525.0	2	566.4124866303089
1608525.0	3	1090.3013678783543
1608525.0	4	568.0953929535683
1608525.0	5	843.1769316906075
1608525.0	6	1741.7799644949926
1608525.0	7	1220.3910326141474
1608525.0	8	679.5024809046175
1608525.0	9	925.7897756264437
1608525.0	10	720.3657825247201
1608525.0	11	1573.5823742407654
1608525.0	12	866.6606195043136
1608525.0	13	NaN
1608525.0	14	1172.301186870216
1608525.0	15	959.1754409696479
1608525.0	16	1406.0819364453137
1617297.0	1	676.4145899900407
1617297.0	2	636.6973300136175
1617297.0	3	1229.9028606709871
1617297.0	4	669.5541102703144
1617297.0	5	835.3041177133621
1617297.0	6	1554.3098039054046
1617297.0	7	1146.8644975168866
1617297.0	8	785.0391202190103
1617297.0	9	1012.5798039084838
1617297.0	10	740.4060650117891
1617297.0	11	1564.0844191301244
1617297.0	12	828.0106784290656
1617297.0	13	NaN
1617297.0	14	1213.039844441937
1617297.0	15	1067.6707349711194
1617297.0	16	1330.603861951886
1626069.0	1	660.6029714258024
1626069.0	2	582.679754710183
1626069.0	3	1264.528630292024
1626069.0	4	584.2534093372607
1626069.0	5	888.3417654666916
1626069.0	6	1583.86415025491
1626069.0	7	1197.3122142305522
1626069.0	8	718.7266759511346
1626069.0	9	959.9674062510635
1626069.0	10	729.3197381378991
1626069.0	11	1654.3005785586083
1626069.0	12	807.3023539922327
1626069.0	13	NaN
1626069.0	14	1349.902393773509
1626069.0	15	1132.3383363294663
1626069.0	16	1404.8678608692271
1634829.0	1	742.5616730691182
1634829.0	2	641.4313001882534
1634829.0	3	1221.1857632958724
1634829.0	4	684.970937339467
1634829.0	5	921.8556576487981
1634829.0	6	1799.3946327355582
1634829.0	7	1311.1657945452384
1634829.0	8	806.4104544481429
1634829.0	9	1118.6571996600594
1634829.0	10	784.4167093464705
1634829.0	11	1864.9091321183384
1634829.0	12	931.0102528212049
1634829.0	13	NaN
1634829.0	14	1192.7721300368667
1634829.0	15	1195.4237751087542
1634829.0	16	1564.3557617867405
1643589.0	1	715.952638113237
1643589.0	2	703.7825412009722
1643589.0	3	1070.6504179207163
1643589.0	4	702.0347114516833
1643589.0	5	946.8259874875486
1643589.0	6	1416.9962036950249
1643589.0	7	1253.893333261094
1643589.0	8	771.829454831462
1643589.0	9	903.5407778060738
1643589.0	10	733.6066966730426
1643589.0	11	1576.1559973509031
1643589.0	12	839.0942474377764
1643589.0	13	NaN
1643589.0	14	1301.0042123036596
1643589.0	15	982.5136474799473
1643589.0	16	1359.0541019913421
1652361.0	1	675.7795524262575
1652361.0	2	629.0489438520169
1652361.0	3	1246.958635453691
1652361.0	4	609.9979288825868
1652361.0	5	879.6645868253162
1652361.0	6	1711.964048531059
1652361.0	7	1314.8058777292372
1652361.0	8	696.7031662678567
1652361.0	9	1002.1981066057356
1652361.0	10	732.4935195316805
1652361.0	11	1810.9657313794223
1652361.0	12	866.9358154340823
1652361.0	13	NaN
1652361.0	14	1310.9690118873054
1652361.0	15	1240.6599187489014
1652361.0	16	1476.6378649237593
1661133.0	1	625.8015503192712
1661133.0	2	539.0093383461625
1661133.0	3	981.15360108784
1661133.0	4	570.4865106631828
1661133.0	5	588.7459453420886
1661133.0	6	1790.8363550896674
1661133.0	7	1074.2072284403312
1661133.0	8	661.44472599367
1661133.0	9	951.4149832598708
1661133.0	10	706.5105186682063
1661133.0	11	1604.1158741636439
1661133.0	12	666.4359914769707
1661133.0	13	NaN
1661133.0	14	1116.2688337113589
1661133.0	15	987.8858044018662
1661133.0	16	1344.7609964862584
1669893.0	1	557.5080911869243
1669893.0	2	483.1035389411904
1669893.0	3	1301.0376758084847
1669893.0	4	505.15783263381365
1669893.0	5	832.4363518294181
1669893.0	6	2234.9226936723317
1669893.0	7	1257.2141775409016
1669893.0	8	634.8041917188119
1669893.0	9	932.7704437557512
1669893.0	10	653.2717296913665
1669893.0	11	2035.6619194765185
1669893.0	12	772.0873589370899
1669893.0	13	NaN
1669893.0	14	1212.6230122728932
1669893.0	15	1264.8057261907627
1669893.0	16	1386.0943121430084
1678653.0	1	523.9793679636543
1678653.0	2	479.5044591102166
1678653.0	3	1108.174856824546
1678653.0	4	548.3326388106699
1678653.0	5	781.0791072453445
1678653.0	6	1597.6171189629017
1678653.0	7	1107.8573502600336
1678653.0	8	663.5979000134322
1678653.0	9	913.9830492910135
1678653.0	10	631.3862620672426
1678653.0	11	1657.778665230016
1678653.0	12	677.4000475516808
1678653.0	13	NaN
1678653.0	14	1095.3888495869562
1678653.0	15	1032.707734468627
1678653.0	16	1293.0584532679748
1687425.0	1	774.7783228184112
1687425.0	2	700.0202575404209
1687425.0	3	1213.3495520956317
1687425.0	4	693.0084892182518
1687425.0	5	831.1516757155508
1687425.0	6	1998.336183060219
1687425.0	7	1234.8750453939276
1687425.0	8	804.5393097237298
1687425.0	9	985.4831786337481
1687425.0	10	832.2137424088558
1687425.0	11	1913.9348121223877
1687425.0	12	844.7716445268239
1687425.0	13	NaN
1687425.0	14	1224.0229447899312
1687425.0	15	1174.7994657952363
1687425.0	16	1465.4523904881908
1696197.0	1	771.6464500325231
1696197.0	2	718.7875581154954
1696197.0	3	1247.7541259037928
1696197.0	4	690.0796368624076
1696197.0	5	926.5669863016785
1696197.0	6	1569.4776832669324
1696197.0	7	1155.9705771071533
1696197.0	8	836.8554497045936
1696197.0	9	1124.4565216784654
1696197.0	10	775.0834001536216
1696197.0	11	1623.7248143985719
1696197.0	12	892.6806764974606
1696197.0	13	NaN
1696197.0	14	1327.3931938881321
1696197.0	15	1154.6857149186621
1696197.0	16	1424.5821091770308
1704957.0	1	735.3876213551157
1704957.0	2	617.1353484729904
1704957.0	3	1176.7558882109133
1704957.0	4	666.68213990558
1704957.0	5	838.6682368893204
1704957.0	6	1803.487895229055
1704957.0	7	1339.448300536897
1704957.0	8	849.0657548703138
1704957.0	9	1187.7756649889218
1704957.0	10	803.5461521479109
1704957.0	11	1852.0575389231
1704957.0	12	885.5762992035569
1704957.0	13	NaN
1704957.0	14	1286.4062283959436
1704957.0	15	1158.224867154056
1704957.0	16	1629.6366893643647
1713717.0	1	551.3617951727663
1713717.0	2	548.8822666211383
1713717.0	3	1161.4848155113634
1713717.0	4	580.366658382394
1713717.0	5	782.1128626914376
1713717.0	6	1691.9703842230101
1713717.0	7	1012.3905085966286
1713717.0	8	724.4680286004373
1713717.0	9	1005.4809035406928
1713717.0	10	661.6731510738349
1713717.0	11	1559.9522668062423
1713717.0	12	682.9710863955081
1713717.0	13	NaN
1713717.0	14	1059.8676829760564
1713717.0	15	1068.870447414974
1713717.0	16	1245.7099904144056
1722489.0	1	523.6054131783444
1722489.0	2	457.3638174712631
1722489.0	3	1007.6676358218467
1722489.0	4	459.87375696705647
1722489.0	5	694.5217400444404
1722489.0	6	1339.8380419769258
1722489.0	7	947.3835679910467
1722489.0	8	593.6222479320314
1722489.0	9	899.7971850253728
1722489.0	10	597.2184193339026
1722489.0	11	1469.8687852232936
1722489.0	12	691.7826103679872
1722489.0	13	NaN
1722489.0	14	1154.585266199301
1722489.0	15	1082.341843527593
1722489.0	16	1193.2594236664831
1731261.0	1	660.1352596891654
1731261.0	2	533.5275601998362
1731261.0	3	1126.9209717849328
1731261.0	4	532.4848733477006
1731261.0	5	797.2015355973991
1731261.0	6	1582.3930045417617
1731261.0	7	1100.8896817228883
1731261.0	8	708.5414172487391
1731261.0	9	990.8508922115063
1731261.0	10	713.0345585572536
1731261.0	11	1515.0266942048563
1731261.0	12	771.3554055850168
1731261.0	13	NaN
1731261.0	14	1066.8749868622026
1731261.0	15	1044.4847783775224
1731261.0	16	1308.517931551567
1740021.0	1	786.9509630549444
1740021.0	2	712.239209655289
1740021.0	3	1346.7300252283696
1740021.0	4	728.0854225834573
1740021.0	5	1039.1246438089117
1740021.0	6	1929.2390042199588
1740021.0	7	1403.2283956525973
1740021.0	8	848.6602486383551
1740021.0	9	1189.4135359104682
1740021.0	10	841.269201928133
1740021.0	11	1928.0053538143163
1740021.0	12	950.0844537642997
1740021.0	13	NaN
1740021.0	14	1399.7052985319847
1740021.0	15	1264.5765892289162
1740021.0	16	1709.4623940934398
1748781.0	1	765.2047732450891
1748781.0	2	669.8522533680166
1748781.0	3	1264.3257075845804
1748781.0	4	667.1285197308682
1748781.0	5	892.052075966697
1748781.0	6	1978.0529690652015
1748781.0	7	1335.859202300353
1748781.0	8	808.3482201171402
1748781.0	9	1178.1292499396613
1748781.0	10	915.7181350113653
1748781.0	11	1915.5947731551666
1748781.0	12	916.3415280217156
1748781.0	13	NaN
1748781.0	14	1183.1992545652947
1748781.0	15	1251.3929855571619
1748781.0	16	1635.4480098962658
1757553.0	1	875.8699076787109
1757553.0	2	778.2236802734254
1757553.0	3	1389.4038157536954
1757553.0	4	904.728705579436
1757553.0	5	1110.1328466945847
1757553.0	6	1803.9711198263801
1757553.0	7	1576.6742116214461
1757553.0	8	1075.7400083664875
1757553.0	9	1340.991165473368
1757553.0	10	983.1771642112374
1757553.0	11	1897.283680888778
1757553.0	12	1131.2518084528538
1757553.0	13	NaN
1757553.0	14	1484.4624572277799
1757553.0	15	1235.5535725577606
1757553.0	16	1880.124567766853
1766325.0	1	737.6358065860996
1766325.0	2	778.1981991983546
1766325.0	3	1036.5863286814738
1766325.0	4	788.7667107519005
1766325.0	5	866.4202370907159
1766325.0	6	1467.876343622953
1766325.0	7	1100.2216764622058
1766325.0	8	856.5208459281066
1766325.0	9	965.7678374609562
1766325.0	10	765.2074345357281
1766325.0	11	1368.6937274729773
1766325.0	12	807.3589357605313
1766325.0	13	NaN
1766325.0	14	1151.9393769909818
1766325.0	15	896.5054803591609
1766325.0	16	1346.0006863312587
1775085.0	1	820.286058091717
1775085.0	2	706.6666718953508
1775085.0	3	1473.48888129497
1775085.0	4	833.9833521063041
1775085.0	5	1004.0453944929602
1775085.0	6	1574.9925817920184
1775085.0	7	1408.7441031181809
1775085.0	8	963.8047896442478
1775085.0	9	1257.5701350615964
1775085.0	10	845.3764400705383
1775085.0	11	1864.7307461767728
1775085.0	12	1012.4393445099988
1775085.0	13	NaN
1775085.0	14	1627.0079205887375
1775085.0	15	1409.8046773307642
1775085.0	16	1623.5703677452702
1783845.0	1	557.5200900862477
1783845.0	2	516.4586789534648
1783845.0	3	864.079316044749
1783845.0	4	493.8923329270251
1783845.0	5	648.225483046887
1783845.0	6	1381.5606943094933
1783845.0	7	996.0619246714291
1783845.0	8	624.3196373697839
1783845.0	9	801.8449002835825
1783845.0	10	580.4912234734762
1783845.0	11	1331.484020857068
1783845.0	12	667.9443274382203
1783845.0	13	NaN
1783845.0	14	980.4570297321151
1783845.0	15	936.0623348238267
1783845.0	16	1136.4537874307525
1792617.0	1	779.625201504602
1792617.0	2	677.7063526567731
1792617.0	3	1257.3232497813678
1792617.0	4	639.0870606694527
1792617.0	5	967.6876150790729
1792617.0	6	1918.497526483514
1792617.0	7	1348.221721624124
1792617.0	8	741.5653319010428
1792617.0	9	996.7084075686942
1792617.0	10	791.5193243516017
1792617.0	11	1822.704841342808
1792617.0	12	928.9547707796664
1792617.0	13	NaN
1792617.0	14	1209.1775072332644
1792617.0	15	1088.8724909223856
1792617.0	16	1483.6274044988186
1801389.0	1	599.1054071948505
1801389.0	2	530.1522692376599
1801389.0	3	1188.7296763728925
1801389.0	4	472.1126622257674
1801389.0	5	901.8673877887799
1801389.0	6	1842.558574205466
1801389.0	7	1122.9739545629236
1801389.0	8	588.5807475019623
1801389.0	9	897.7367172432545
1801389.0	10	678.4373050818712
1801389.0	11	1611.4182010017366
1801389.0	12	770.5869282841733
1801389.0	13	NaN
1801389.0	14	1165.9520851559787
1801389.0	15	1071.449165413113
1801389.0	16	1300.059678739899
1810149.0	1	681.2392104584754
1810149.0	2	606.4476478427925
1810149.0	3	1216.4113708678522
1810149.0	4	637.7873840741339
1810149.0	5	813.8191812956655
1810149.0	6	1824.638231247199
1810149.0	7	1334.8941616277232
1810149.0	8	772.720688697388
1810149.0	9	966.1073914361567
1810149.0	10	734.6279291149092
1810149.0	11	1856.8657885076454
1810149.0	12	887.3694814485128
1810149.0	13	NaN
1810149.0	14	1386.6396299743765
1810149.0	15	1156.4556392576658
1810149.0	16	1465.899908337629
1818909.0	1	806.6570190945944
1818909.0	2	689.430844831913
1818909.0	3	1192.4143055347042
1818909.0	4	663.1722395005579
1818909.0	5	849.5010576541881
1818909.0	6	1820.818451000575
1818909.0	7	1283.7834934460532
1818909.0	8	835.4310496898278
1818909.0	9	1137.5192807269243
1818909.0	10	917.438294502838
1818909.0	11	1629.97757054908
1818909.0	12	930.523396337931
1818909.0	13	NaN
1818909.0	14	1097.2676953603843
1818909.0	15	1093.512659105556
1818909.0	16	1482.3075326621952
1827681.0	1	787.0009263546771
1827681.0	2	685.0496331896771
1827681.0	3	1350.5985224984595
1827681.0	4	652.8603204791117
1827681.0	5	1091.8614978955798
1827681.0	6	1859.198629803919
1827681.0	7	1470.6508126433164
1827681.0	8	836.2647039742316
1827681.0	9	1152.1981504301805
1827681.0	10	894.8390192511802
1827681.0	11	1920.5484263758115
1827681.0	12	1052.9845321437078
1827681.0	13	NaN
1827681.0	14	1416.919348187494
1827681.0	15	1273.94532439258
1827681.0	16	1660.5791718433486
1836453.0	1	674.9081349191524
1836453.0	2	595.551099038634
1836453.0	3	1329.9681880948672
1836453.0	4	682.4362240366983
1836453.0	5	943.4241868624789
1836453.0	6	1786.7793514374864
1836453.0	7	1328.2840127777001
1836453.0	8	798.347466899259
1836453.0	9	1091.1325435041688
1836453.0	10	747.1434512916293
1836453.0	11	1915.7907943326497
1836453.0	12	852.3565579569212
1836453.0	13	NaN
1836453.0	14	1405.6236605397423
1836453.0	15	1255.8498605142488
1836453.0	16	1493.0778138339376
1845213.0	1	609.8534525001418
1845213.0	2	585.0029483619635
1845213.0	3	1099.7724753825928
1845213.0	4	562.723714653737
1845213.0	5	861.5182818674976
1845213.0	6	1292.4839955119735
1845213.0	7	982.0341400939573
1845213.0	8	685.0081231347459
1845213.0	9	818.9357373092128
1845213.0	10	608.4490558671016
1845213.0	11	1334.0907289645152
1845213.0	12	734.0749255157408
1845213.0	13	NaN
1845213.0	14	1178.823976050413
1845213.0	15	1040.3746400002344
1845213.0	16	1126.2963543391788
1853973.0	1	483.50905888925985
1853973.0	2	453.2683414581586
1853973.0	3	1396.7351112902616
1853973.0	4	514.8029815553087
1853973.0	5	834.1349214332283
1853973.0	6	2003.368556913198
1853973.0	7	1355.5641678837305
1853973.0	8	604.3921076738968
1853973.0	9	844.0018869659395
1853973.0	10	515.5465548862577
1853973.0	11	2187.1102992907317
1853973.0	12	724.781228473717
1853973.0	13	NaN
1853973.0	14	1232.628958238268
1853973.0	15	1257.6204635581087
1853973.0	16	1284.459442245719
1862745.0	1	954.2563657370741
1862745.0	2	809.8681706366957
1862745.0	3	1310.2181517494746
1862745.0	4	812.0610218152225
1862745.0	5	1176.3739687331354
1862745.0	6	1641.7646892862526
1862745.0	7	1590.2688582679107
1862745.0	8	983.4653687539209
1862745.0	9	1371.980180029571
1862745.0	10	1014.3133237422169
1862745.0	11	1859.565020967893
1862745.0	12	1155.507382300538
1862745.0	13	NaN
1862745.0	14	1580.7163299633114
1862745.0	15	1177.7336627311902
1862745.0	16	1698.4095505914947
1871517.0	1	633.4348143079533
1871517.0	2	560.6645240391274
1871517.0	3	1098.0462449524873
1871517.0	4	648.1555214555007
1871517.0	5	856.9338502138867
1871517.0	6	1600.7304010065136
1871517.0	7	1143.8798997622198
1871517.0	8	785.7716309843153
1871517.0	9	1030.4629300823165
1871517.0	10	761.1898095595866
1871517.0	11	1653.1916378395779
1871517.0	12	734.7725633816846
1871517.0	13	NaN
1871517.0	14	1254.3102947628993
1871517.0	15	1134.6628224967203
1871517.0	16	1339.757957645753
1880277.0	1	790.9125653494915
1880277.0	2	735.6983340309368
1880277.0	3	1388.3303368714226
1880277.0	4	818.2348193712276
1880277.0	5	893.5290924014586
1880277.0	6	1867.6504652181707
1880277.0	7	1303.2643352907428
1880277.0	8	1009.9412030541861
1880277.0	9	1218.5173297720273
1880277.0	10	905.6330492949082
1880277.0	11	1948.3088991932013
1880277.0	12	923.1724970152237
1880277.0	13	NaN
1880277.0	14	1508.1562435969108
1880277.0	15	1291.7011984073547
1880277.0	16	1547.868198952654
1889037.0	1	624.5604006864274
1889037.0	2	583.3860329573554
1889037.0	3	1405.471958651215
1889037.0	4	578.7764447974171
1889037.0	5	1001.5439552350357
1889037.0	6	1989.5712956445307
1889037.0	7	1501.067320334151
1889037.0	8	720.3826328341262
1889037.0	9	1006.828165979061
1889037.0	10	706.8450358853677
1889037.0	11	2112.25393472419
1889037.0	12	933.8031067311337
1889037.0	13	NaN
1889037.0	14	1366.986180800312
1889037.0	15	1317.1326654760485
1889037.0	16	1564.884763818046
1897809.0	1	699.4829850535917
1897809.0	2	588.3066519953605
1897809.0	3	1183.567809022578
1897809.0	4	608.0736369055983
1897809.0	5	857.7517291257813
1897809.0	6	1629.4007438235415
1897809.0	7	1244.1317837536117
1897809.0	8	710.7296890262401
1897809.0	9	947.2466444978588
1897809.0	10	753.2043496749673
1897809.0	11	1620.8338470621823
1897809.0	12	857.6261703791265
1897809.0	13	NaN
1897809.0	14	1232.4451896133378
1897809.0	15	1047.0096823962806
1897809.0	16	1367.4885209506713
1906581.0	1	667.5700025045057
1906581.0	2	603.2876541471989
1906581.0	3	1062.2392442148532
1906581.0	4	615.8951335847053
1906581.0	5	813.9692556394718
1906581.0	6	1719.5835211516287
1906581.0	7	1360.967290495122
1906581.0	8	706.2799671914414
1906581.0	9	971.5323104255089
1906581.0	10	683.558667219831
1906581.0	11	1752.4519437295603
1906581.0	12	834.3612632762116
1906581.0	13	NaN
1906581.0	14	1425.9359084864263
1906581.0	15	1144.9307815576137
1906581.0	16	1409.3443565601735
1915341.0	1	639.1928330025586
1915341.0	2	555.7845216106101
1915341.0	3	1054.4141872992086
1915341.0	4	615.6578675533063
1915341.0	5	786.268342065103
1915341.0	6	1493.8409369935437
1915341.0	7	1107.186866371171
1915341.0	8	737.4545295631383
1915341.0	9	1021.4142360753682
1915341.0	10	703.0119513689772
1915341.0	11	1642.3997264922175
1915341.0	12	784.3573534688859
1915341.0	13	NaN
1915341.0	14	1300.765534397406
1915341.0	15	1076.7272168354298
1915341.0	16	1366.127719159804
1924101.0	1	913.1635034639984
1924101.0	2	629.0477870191434
1924101.0	3	1221.9063765857409
1924101.0	4	688.629075628065
1924101.0	5	1004.2853398470772
1924101.0	6	1711.8855599468816
1924101.0	7	1444.4961135772567
1924101.0	8	832.3797721140203
1924101.0	9	1158.232031006637
1924101.0	10	942.783557720775
1924101.0	11	1709.1816436872643
1924101.0	12	1000.332831337389
1924101.0	13	NaN
1924101.0	14	1449.2873562819425
1924101.0	15	1208.9467240312804
1924101.0	16	1599.7306600019208
1932873.0	1	747.5629452584902
1932873.0	2	696.0844628356731
1932873.0	3	1373.6984578083402
1932873.0	4	714.0677230874498
1932873.0	5	933.2583636583473
1932873.0	6	1964.9107547204467
1932873.0	7	1584.8176031010776
1932873.0	8	884.5977358217962
1932873.0	9	1224.5118793385195
1932873.0	10	865.3635608512569
1932873.0	11	2040.5525829287988
1932873.0	12	978.9105948158625
1932873.0	13	NaN
1932873.0	14	1394.9141603944645
1932873.0	15	1319.959139251184
1932873.0	16	1742.1103271904262
1941645.0	1	705.6832612854719
1941645.0	2	634.9604795779196
1941645.0	3	1169.88850552856
1941645.0	4	730.5938062725666
1941645.0	5	897.5287739567218
1941645.0	6	1487.2864210750122
1941645.0	7	1317.3923640816834
1941645.0	8	793.0460805904282
1941645.0	9	1043.1359240380445
1941645.0	10	758.7627492306673
1941645.0	11	1490.3450525424637
1941645.0	12	890.1036165341451
1941645.0	13	NaN
1941645.0	14	1349.8470382133282
1941645.0	15	1051.854640476143
1941645.0	16	1485.480868419921
